201.3447 338.9475
196.7753 335.0997
192.7923 329.9317
188.9222 324.3463
185.9748 320.2895
182.4656 315.797
178.807 312.8456
174.1948 310.5844
169.0992 310.0758
163.072 310.2036
155.0122 310.6212
147.3306 315.047
139.2489 324.0862
130.3705 335.784
120.8891 351.6502
112.1373 369.2409
105.2523 392.7675
97.75604 418.3321
93.03603 443.6982
89.49876 469.4772
87.52946 493.5248
88.37043 521.0065
90.32135 549.2136
88.17598 572.4299
90.11622 597.6009
95.78055 627.6659
101.1256 652.4087
104.8916 671.9009
108.1852 692.7477
109.3288 708.2991
110.6601 718.4982
109.8747 721.8223
107.9586 717.508
104.8616 713.0745
101.2854 701.7859
96.58834 688.0371
88.95366 670.7155
82.37595 646.9717
75.94453 622.8771
70.89227 602.8906
67.27802 581.5264
64.05941 558.8206
61.32219 537.0864
59.27311 515.9327
58.34985 491.48
58.63296 470.0717
60.07851 453.1497
62.44453 438.5535
64.25197 424.4102
66.73858 408.8057
68.69534 394.345
70.32269 380.8408
71.9144 368.9871
73.26864 361.0288
74.20267 355.1347
74.75114 352.4361
74.88833 353.3125
74.77017 357.6418
74.20255 365.3282
73.29101 374.4686
72.52421 386.9621
71.48517 400.2305
69.68623 411.5008
68.57564 424.02
67.68965 436.5135
67.6753 449.1592
67.74949 462.9775
68.93448 477.5043
70.53584 492.4208
72.44695 506.0543
73.67644 518.617
75.97366 529.6319
78.04865 541.572
79.78279 551.2131
81.78452 559.127
83.28838 561.9119
84.37534 563.5634
86.85221 564.6425
88.05431 564.677
88.22417 560.5243
87.94686 554.4422
87.74557 547.1144
87.97533 536.8878
87.21745 525.2224
87.45878 514.5975
87.19263 503.4138
87.30363 492.3812
88.45438 483.4056
89.83572 474.3703
91.31627 462.2833
92.59953 452.1589
94.32922 441.5078
95.83238 430.3878
98.07082 420.3734
99.45494 412.4438
101.0721 405.3793
103.0651 399.3074
104.0008 394.0515
105.7192 390.7559
106.5371 387.6734
107.5107 384.6907
108.2685 382.4337
108.76 379.5588
109.7134 377.9996
109.3554 375.7859
108.7708 373.5899
108.444 374.1966
108.3259 378.005
108.8835 383.985
109.125 391.1561
109.1453 399.6488
108.9852 407.3221
109.024 415.9714
108.5202 424.0101
108.4896 432.2785
108.1226 440.9332
108.2083 450.6413
108.1138 460.055
108.2778 468.9778
108.6597 477.0144
108.9066 485.7992
110.146 496.8574
111.8644 507.6968
112.2485 513.9321
112.1098 519.7651
112.6553 523.0894
113.0265 524.7779
113.9314 525.8849
114.3145 525.986
114.6011 524.9164
114.9881 523.0944
114.9304 520.924
114.5411 517.6268
115.6479 513.642
117.1053 511.2102
118.0088 506.5368
117.6644 500.4535
118.2571 493.5242
118.918 486.2589
118.4094 475.5141
119.6064 465.0649
120.3535 456.1505
120.9422 448.2917
120.8097 440.4517
121.1911 432.248
122.4611 423.9625
123.8115 417.7203
124.5224 411.5981
126.1934 406.6604
127.4656 402.1827
128.8526 397.1651
129.4984 390.9722
131.0238 386.415
133.0181 382.31
135.3549 377.4915
137.3447 373.0151
139.556 370.6895
141.4651 368.4085
142.963 367.3355
143.4691 364.9589
143.2991 362.0854
143.695 361.4778
144.6025 363.1793
144.9328 364.6863
144.5249 365.9196
144.6218 369.8134
144.1711 375.3365
143.924 383.0283
144.3621 394.1058
144.7086 408.0867
144.3157 421.9167
144.1342 439.9794
143.6442 458.5902
141.8396 473.6295
142.4183 490.1545
143.509 509.4331
143.1221 527.0399
142.9846 545.4161
143.0543 558.6689
143.2151 569.9442
142.1327 579.7502
142.6397 590.0832
143.5152 599.8008
144.4318 605.3819
144.3076 611.0654
142.0301 613.6924
141.772 615.7491
141.1261 620.1312
138.4804 621.5035
136.062 621.7747
132.795 617.2271
128.6267 610.5885
125.1301 604.5306
121.8441 599.2409
117.5367 592.4221
113.3427 582.1865
109.2869 568.7015
104.0706 553.0961
99.48032 536.0786
96.86405 522.0878
93.27913 503.8125
89.20142 489.2221
87.43076 476.3328
85.73121 464.8512
83.74689 450.4835
82.66624 435.5298
81.50751 426.2398
81.82069 415.6306
81.75151 405.1764
81.38139 393.7023
80.94547 382.059
80.6048 370.1479
80.5228 360.8991
80.71799 352.6476
80.72126 345.0526
81.79698 339.5521
82.34364 334.3827
83.07766 330.885
83.31327 328.3664
82.84284 326.3196
81.93963 325.0557
80.37061 326.2599
78.63277 329.8343
76.73508 334.4913
74.78493 340.5407
72.28227 347.5283
69.60375 356.9937
67.11369 368.4937
64.44237 381.1432
62.28778 394.5469
61.26727 409.874
60.7639 425.1516
59.27315 442.0383
59.25694 457.0367
59.42257 472.938
60.13565 487.4555
61.90672 504.9906
63.77068 522.1777
65.95975 537.0562
68.56901 548.6564
69.20799 557.8456
70.57922 565.2991
71.31332 570.5432
73.08245 576.5856
74.90874 578.1946
74.4071 577.9631
74.89109 575.9628
74.1327 574.9529
73.45987 568.4722
71.89285 560.2172
71.47433 552.2753
71.11002 542.0021
69.92605 534.2545
69.97717 524.2551
69.35339 512.4921
69.4454 500.385
69.85354 487.321
70.55338 478.0692
72.15057 467.393
73.69962 455.9786
76.02776 444.483
78.51696 434.3935
81.21862 425.4602
83.47347 415.4463
86.67345 407.4831
90.12128 400.8991
91.66982 390.7915
94.33673 383.7954
97.29782 374.6945
100.223 367.5966
102.2628 359.4393
105.759 353.8184
108.618 347.4298
111.673 342.0117
115.2046 339.1227
119.0282 336.6918
121.9936 333.7275
125.6911 333.5369
128.5045 332.8251
130.8721 333.8609
133.746 336.5657
135.6261 340.8095
136.7159 345.3603
137.2373 351.1906
137.4836 358.3575
137.8233 367.6093
139.3192 380.7534
140.3306 395.8573
141.1923 409.8862
142.5717 427.7159
143.1363 446.9681
144.2808 465.3177
145.0923 485.3629
146.0862 503.1379
146.8939 520.422
147.7237 536.1027
148.7346 552.3487
151.5943 566.8608
152.8086 577.8821
153.4165 587.9431
152.693 594.7925
152.8374 599.1256
153.7223 604.9384
154.4746 609.662
155.3168 614.0581
155.9622 616.9431
154.5561 614.4285
152.1869 609.1895
150.7413 603.6696
148.6145 596.8174
146.474 588.3014
143.538 575.5031
139.0425 561.738
135.8043 547.3392
134.1519 533.8141
132.1744 519.9372
130.7352 507.503
129.2517 493.1422
128.218 479.9451
127.762 468.0804
126.8997 453.9638
126.755 441.9956
125.7057 427.1129
124.719 412.3242
123.7175 397.9775
123.09 384.2456
122.6426 371.442
122.0011 360.6756
121.4894 351.4594
121.6142 343.3324
121.2211 335.9489
120.5707 329.4771
118.9002 321.7034
117.1234 314.5447
114.5924 308.8779
112.299 303.9614
110.3735 300.5808
108.2227 298.1593
105.4676 296.8044
101.8169 297.0341
96.63392 298.007
90.6272 300.5421
84.66879 307.0022
78.33391 314.3072
71.58147 325.6177
64.00285 339.1178
57.47123 353.5864
52.38173 370.3393
47.78819 389.2694
44.20266 410.4605
41.33168 432.8598
37.5984 457.1329
36.93156 481.1795
36.89875 500.73
37.01984 523.0622
36.86827 544.3675
37.88484 566.1794
38.11879 576.6575
42.79498 588.7602
45.25183 607.5609
47.37102 619.9053
49.25034 634.7324
54.43037 656.1979
60.78971 677.7532
66.32866 697.6724
70.83507 718.039
72.03336 730.4989
72.23704 733.8927
70.4203 732.6543
66.34054 723.163
62.64631 706.879
56.15446 689.384
51.52509 672.1722
45.82669 657.3487
41.70099 637.8627
36.57457 620.5634
32.67005 601.4979
29.06 583.8618
27.04261 567.5467
23.89915 551.2578
22.27873 531.8916
21.03851 513.177
20.65094 493.1925
21.11043 470.0616
23.60509 453.1558
26.29516 437.6304
28.59175 422.1967
31.87281 405.7414
34.93551 391.5833
38.45192 378.733
41.43729 365.5056
44.48284 354.8661
46.52745 344.4081
48.71685 335.5202
50.79938 329.3151
52.45933 323.7411
53.46318 320.4465
53.65624 318.8352
53.40117 318.0204
52.79837 318.5844
51.53056 322.3469
49.81775 328.4742
48.17858 335.4409
46.34874 345.4703
45.14092 357.1734
43.81638 367.8424
42.25201 378.4096
40.47876 389.0427
38.98803 399.5958
38.3224 410.1972
37.34102 418.2495
36.99043 425.4772
36.32338 433.4169
36.69878 442.9167
36.7692 450.0445
37.5749 456.1132
38.56473 463.5277
39.2415 470.3722
39.75095 475.9374
40.45029 482.0571
40.74127 486.8349
41.56812 489.2758
42.51295 489.0755
43.74896 489.1862
45.12786 488.2249
45.97059 485.8335
46.78048 483.1795
47.22125 477.3315
47.53053 470.5853
48.12963 465.2855
48.30633 457.6789
48.92382 447.2074
50.56313 438.183
52.403 429.9467
53.65844 421.6443
55.15897 413.9718
55.97716 406.3849
56.70302 399.7341
57.46609 393.1544
58.17784 386.1845
59.63177 378.8051
60.90733 371.0611
62.34449 365.9446
63.51402 360.7151
64.85248 356.093
66.07815 351.8506
66.50765 347.3099
66.49567 343.0912
67.08818 341.1247
67.15365 339.2466
66.62415 338.0296
65.9893 338.0179
65.41469 341.1801
64.65717 347.1959
63.79284 354.4274
62.36186 361.7608
61.53859 371.0853
60.14132 379.4098
58.29949 387.6201
56.54665 395.3419
55.06067 403.9031
53.48935 412.2367
53.29844 421.4077
53.1024 429.0151
53.11132 436.7358
51.93993 443.1346
50.9628 449.8382
50.71028 454.2129
50.68494 460.0598
50.88173 464.6587
50.72273 465.8755
50.79496 465.3055
51.28254 466.4469
51.50456 467.8535
51.78066 467.4247
52.46249 466.6425
53.13239 464.3085
54.37673 463.1878
54.64582 460.4192
55.10218 457.4398
55.30821 453.6042
55.80603 448.0107
57.17433 442.8548
58.04331 438.1683
58.65422 432.1734
59.77901 426.3564
60.9624 419.219
61.81612 412.2682
63.32657 406.8381
64.50521 400.0071
66.50602 393.3046
68.61674 386.8766
70.23926 380.7508
72.22334 374.4469
74.46731 368.4661
76.28774 362.8495
78.17195 357.497
80.25666 353.0311
82.35197 349.089
84.43627 346.1235
86.09247 342.7493
87.02105 340.1307
87.67499 338.5432
87.65952 337.8278
86.97365 338.2962
85.94135 340.7041
84.34794 345.0321
83.17345 351.8866
81.62 362.1017
80.07967 374.1958
78.85729 388.2774
77.30634 404.3134
75.71699 421.2707
74.17311 438.4706
72.88692 455.2053
72.83411 469.9875
72.01585 483.3161
73.40137 496.476
74.085 511.6185
74.68543 525.7648
75.48728 541.5475
75.87891 552.4768
76.55079 565.4421
77.65268 574.5493
77.43717 578.3052
77.21768 580.566
77.57746 586.1107
76.21071 585.0258
74.61903 584.5206
72.59239 580.2842
70.53545 573.2612
69.20609 565.7003
67.23508 557.3583
64.95066 546.0896
61.30507 534.0682
59.24969 524.9803
57.36228 518.5823
54.60893 506.7261
51.51942 489.3887
48.90939 474.7425
47.15945 459.739
45.83773 448.7672
44.85447 440.6183
44.6796 428.3804
45.37994 416.4359
45.97866 401.5098
47.37341 388.4673
48.01494 374.6791
48.24272 362.3918
49.26172 351.9772
50.84007 343.5837
52.74996 335.2513
54.1176 327.2834
55.09466 321.5776
56.66795 318.2926
57.94029 315.7822
58.05341 310.8402
57.75418 307.0907
57.10424 305.6986
55.92463 306.4451
53.84196 309.4404
51.31366 315.0778
47.59803 322.4034
43.9019 332.4518
40.36091 344.1277
37.52787 356.4435
35.3391 371.7468
33.57594 387.897
32.43637 405.6499
32.51276 422.3489
32.39065 440.1888
32.89903 460.3221
33.01947 479.95
33.78178 498.6663
35.24858 516.3151
36.9329 533.8547
39.0171 546.6953
41.71162 558.9664
42.18544 564.9429
43.66105 569.8855
45.82237 572.8163
47.34278 576.8343
48.27421 578.5888
48.51505 576.8591
49.37219 570.3428
49.06866 564.0443
48.56596 556.0406
47.57928 550.1145
47.42403 544.3074
47.52436 537.5424
47.6774 526.5491
47.94659 517.5799
48.6675 507.0314
48.74535 492.0693
49.97849 478.2164
50.59445 467.0209
52.37247 455.8562
54.32489 443.562
55.8492 432.5229
57.94736 420.8523
60.48998 410.2105
62.97921 399.6946
64.76366 386.7505
67.53766 376.7289
70.61794 366.2962
73.36195 355.8486
76.57769 347.3584
80.15473 339.1686
83.07809 331.7289
86.23382 324.3496
89.91284 318.3907
92.78458 312.2205
96.86376 309.2796
100.4947 306.5219
103.0809 303.9725
105.5631 302.4132
107.6408 303.1789
109.6231 304.7782
110.949 309.0765
111.6568 313.2922
111.8711 319.8901
111.3602 326.8319
110.5645 336.4974
110.6459 348.4594
111.5756 361.9658
112.5723 377.4639
113.7455 395.7937
114.6235 414.6865
114.0883 434.7186
115.202 455.5081
116.7368 476.8959
118.5453 498.043
119.1854 518.1735
121.1798 535.0002
122.9156 550.8946
124.6694 567.8944
125.0896 581.813
126.2075 591.9927
126.9572 601.9608
127.179 611.0217
126.8765 618.1309
126.5561 621.6445
126.6826 621.707
126.0507 619.185
124.7802 614.7388
123.7054 609.8359
122.5112 604.5125
122.3276 600.3306
121.0715 595.3696
119.2535 589.0261
117.7513 578.1836
117.6191 569.2057
115.504 556.2922
113.7972 544.1869
112.785 529.8463
110.7027 513.7073
108.9868 498.7048
107.3704 485.1703
105.6217 470.9109
103.9224 454.2888
102.629 439.4504
101.2219 424.5519
99.79929 410.5807
99.03765 396.9155
98.48152 383.0919
97.98376 371.4965
97.09315 360.6861
96.2598 351.6464
96.06497 344.4832
94.4927 335.0862
93.22415 325.8081
92.30633 318.7637
90.90436 312.7332
89.47494 307.1147
86.80782 301.7814
84.24902 296.3135
81.71123 293.6565
79.35826 291.9485
76.59709 292.0913
74.04011 294.4274
71.15591 299.7205
67.67485 306.7265
64.3911 315.5951
59.91775 324.3781
55.01811 336.3794
50.37078 350.4812
46.0601 363.8723
44.46173 383.3866
42.91342 404.4375
41.26879 428.5597
39.92413 449.9807
38.58814 471.0739
38.00866 491.3298
40.58801 511.7079
42.8229 534.4837
45.56639 557.0662
48.1579 579.4046
52.09159 595.3817
56.9428 609.0325
61.05667 625.3499
65.2879 635.2792
70.48944 649.8007
72.6772 658.3199
74.7089 663.9169
76.38169 666.9854
76.96563 664.4708
76.51528 660.7664
75.85718 657.3234
74.7844 656.0008
72.85755 653.3146
70.76633 649.2761
67.5515 643.7535
63.37258 631.8851
57.82083 620.6826
52.71359 603.4373
47.16026 587.2323
42.57256 572.8574
38.88815 561.3876
35.54526 547.8707
32.36187 532.3802
29.30018 517.0258
27.14633 498.7661
25.67828 478.5581
25.34079 463.1725
25.90391 447.197
26.39289 433.0123
27.94942 417.3999
29.44513 402.3008
32.51476 387.0179
36.0588 372.8913
38.88271 358.5983
41.71479 344.0807
44.12155 330.3371
46.20066 319.1945
48.45472 311.4632
50.10945 304.0447
52.0829 296.8336
54.35155 291.2296
55.13301 287.6383
54.95015 286.5071
54.36649 286.8435
53.23417 289.9407
51.18308 295.7347
48.59393 302.9247
45.41317 311.5287
42.68713 322.0825
39.95681 333.6536
37.35053 347.4123
35.46768 360.5659
33.05069 372.7536
32.08329 387.4984
30.97666 403.9931
29.34098 418.2767
28.51214 429.5329
28.96486 440.5455
28.89833 452.7415
28.77828 465.7277
29.14859 474.4155
30.32929 482.3432
31.92564 487.9952
33.44376 492.6505
34.46019 499.1217
35.3801 505.8622
36.10677 509.8211
37.37098 511.5699
37.46212 509.7073
38.77101 505.9023
39.62803 499.5501
40.28148 493.3221
40.5426 487.1663
42.0597 483.9941
42.37609 479.3719
42.16153 471.546
42.4328 460.9991
44.0559 452.9285
45.63751 442.7598
46.36113 430.9391
48.01035 421.7153
50.64265 411.5169
52.06149 401.3735
53.69576 391.3635
55.5619 383.8317
57.14247 375.5497
58.30132 367.6962
59.65932 359.8895
61.68636 353.9716
63.4303 348.8034
65.13253 342.8536
66.27608 339.2141
66.90791 334.6538
67.53838 330.4838
67.32212 327.4954
67.49029 326.5818
68.03315 326.9439
67.74158 327.4485
67.06075 329.1206
66.78324 333.538
65.67596 338.897
65.30589 346.2916
64.50471 354.4778
63.8175 363.1096
63.29078 372.6765
62.1893 382.8927
61.13363 393.3587
60.64543 402.7964
60.26672 412.629
60.35284 420.8946
60.69837 430.1289
59.7173 437.1994
59.78498 446.0707
59.94678 454.4642
60.3328 460.7928
61.20331 467.3446
61.3634 475.4532
62.35463 483.4139
63.32043 489.3878
63.95544 493.7765
64.69621 497.9909
65.51611 501.9175
66.04413 503.3264
66.74739 504.1301
66.85365 503.7908
66.79984 500.9647
67.45677 498.2432
67.42379 493.0036
67.04214 486.5838
66.37518 477.089
66.09313 469.1362
66.67302 462.1824
66.76724 455.0714
67.87624 447.2625
68.69888 438.3302
68.64959 428.401
69.33876 420.5783
70.2494 412.4982
71.21118 405.8797
71.66927 398.7693
72.30709 392.3495
73.31609 386.2437
74.26286 379.5965
75.64672 372.9577
77.5849 367.2392
78.94131 361.4005
80.45813 356.873
81.15845 351.2426
82.20756 347.9849
82.27771 344.3557
82.72482 341.7389
83.67505 339.5817
84.32941 338.4311
84.466 337.7533
84.5599 338.9164
84.40234 341.5951
83.64634 345.5993
82.87446 351.471
82.19579 359.3894
81.44952 369.2793
80.59193 381.5683
78.49832 393.8778
76.37727 407.3999
74.76839 419.9873
74.27917 434.1911
74.43783 449.9384
74.16394 463.9535
74.61131 478.632
74.69992 491.3904
77.13969 506.6808
78.67409 522.697
79.04882 535.3018
80.12413 545.238
80.26859 554.0316
80.41955 561.6646
79.4681 566.2871
78.02406 571.4345
77.56043 575.656
77.26031 577.2496
77.15026 576.1149
75.83258 576.1641
75.4272 573.3936
74.89806 573.2156
72.85452 568.6208
70.04616 559.9623
68.20827 554.5632
65.3155 544.979
62.62134 534.7774
59.28492 525.0458
57.05227 513.5978
53.72549 503.5179
51.00255 493.7377
48.84304 483.9019
46.53393 473.9995
44.21489 460.8851
42.74416 448.2671
41.20201 437.6724
41.21507 426.3947
40.47523 411.9468
40.95725 401.0701
41.48755 391.7201
41.31527 381.5785
41.77868 371.4011
42.01615 360.0156
42.54297 351.2231
42.82909 342.9419
43.03903 335.0876
43.89944 328.5738
44.60649 324.3807
45.10058 321.8536
45.63938 320.4872
45.87424 318.7096
45.60059 318.8011
44.69119 319.841
43.27585 322.3843
41.38393 326.2938
39.1148 333.7161
36.86833 342.374
34.73159 353.1199
33.42492 366.3457
32.13583 381.8015
30.10986 398.1848
28.29031 416.2882
27.05195 433.3311
26.64398 452.1745
27.41918 467.358
27.99775 484.013
29.8553 498.8613
32.53778 513.3011
34.06793 527.8359
35.59345 541.1936
37.36579 550.4963
39.24915 557.8449
40.39718 562.1214
42.83817 567.5742
44.9227 571.2094
46.97015 574.8019
47.23027 572.1426
46.66447 567.7634
46.05285 566.5112
45.4548 563.2917
45.08555 558.8962
45.80285 551.8394
45.22398 542.5704
44.61227 532.5563
44.72266 521.4601
45.47681 509.1246
45.90514 498.755
46.66909 489.619
47.34238 480.3284
48.59463 470.0009
49.88889 456.2824
52.2824 444.7058
53.28475 431.3506
55.23725 419.2166
58.97945 408.2201
61.77011 396.504
63.88307 385.2759
66.55054 375.5732
69.58276 366.5065
73.10059 356.8656
76.2215 345.7595
79.17688 335.5027
82.80141 327.5966
86.3896 321.8974
90.02706 317.4206
93.87159 315.9726
98.2013 314.5157
101.7637 313.9814
103.2279 313.2014
104.0873 312.3618
106.0118 314.4605
107.2656 318.9915
108.2387 325.4852
109.1146 333.4866
109.8522 342.5608
110.9018 353.1486
111.7484 365.4808
112.559 378.5361
113.0534 391.5867
113.904 407.6819
113.8968 423.4191
115.1711 440.8568
116.6274 460.2378
118.3857 479.0393
119.7083 497.1644
120.7568 511.8204
122.2526 524.2266
122.4674 533.3629
123.0358 542.5561
123.097 547.3531
122.7896 547.44
123.2133 548.3658
122.4548 548.2048
122.4747 547.7261
122.1155 548.1335
122.0093 546.7167
120.8174 544.2078
120.2638 539.0638
118.7764 533.7314
117.2716 525.4706
115.8385 516.288
113.8476 505.2549
111.9878 491.5359
109.9159 476.9471
108.0511 461.6184
106.6203 446.286
104.6567 430.6909
103.4076 414.3918
102.1616 398.6978
100.6857 384.7555
99.3458 370.5011
98.77316 358.6657
98.63228 346.5779
98.3765 335.6668
98.35596 326.3094
98.53147 317.4848
98.1144 308.5896
97.17637 299.8812
96.42049 293.2202
94.11633 286.8805
92.63572 281.5445
90.75974 277.4028
88.65159 275.047
86.07874 273.5465
82.7767 273.5993
79.39373 275.7462
75.41725 279.6057
71.23106 285.4706
66.52151 292.0893
62.06349 301.9077
57.0096 314.4703
52.19775 327.2702
47.44019 341.135
44.17606 356.7738
42.54359 377.9593
40.9515 398.9915
39.50392 420.5291
37.68767 442.9574
35.80552 465.1511
34.94968 488.1386
34.74113 511.1905
37.6143 534.847
41.56739 558.1511
46.42976 577.6254
50.67288 596.3227
55.10251 613.1605
58.89201 621.118
62.24852 631.9446
64.57827 641.4416
66.70882 647.8868
69.11392 652.6041
69.56351 652.9371
69.07178 650.8755
68.10625 649.0892
67.80061 650.3076
65.5205 648.908
62.25866 644.1402
57.94646 634.7645
52.73969 622.2938
47.53656 608.4164
43.39275 594.3611
38.35498 577.5447
35.74279 563.9274
31.19618 548.067
27.9142 529.0223
25.30499 513.5317
23.7629 499.4948
22.84043 482.7202
21.85653 465.8515
22.91739 445.3944
24.76792 429.3836
26.8671 414.2475
30.57043 399.2232
33.78923 384.1193
35.86742 371.3043
38.2403 359.7007
40.76206 348.944
42.69323 338.2263
45.43402 328.8409
47.65733 320.8593
48.96775 314.9592
50.10328 309.5635
51.50754 306.447
51.80189 304.2841
51.72025 304.8286
51.34002 307.459
50.35245 312.8313
49.03743 319.7471
45.79369 345.963
45.25356 353.7278
44.27469 360.9875
43.49674 367.3578
42.65033 373.2386
41.77194 378.225
41.1882 384.5788
40.36517 388.9288
39.92328 394.2911
39.72073 398.9065
39.47755 404.3196
39.43169 410.1902
39.30146 419.696
39.31493 428.7477
39.30697 438.8248
39.45096 447.7779
40.17004 455.8808
41.37421 463.9415
42.08404 472.2599
43.34019 477.8679
44.23469 483.302
45.06115 487.5629
45.87024 489.7065
46.64936 490.048
47.47754 490.0704
48.71066 491.5985
49.94321 491.7847
51.1042 491.2342
50.95991 486.1069
51.39049 479.3118
51.4166 472.6102
51.93104 466.4515
52.80278 458.114
53.19362 450.2269
53.91202 441.2592
54.86174 433.273
55.84914 423.8313
56.48077 413.5567
57.84671 403.4625
59.1664 396.5483
60.24383 389.1776
61.61943 383.8203
62.41335 376.2046
64.19141 370.3004
65.47877 363.544
67.08994 358.3893
67.80132 352.2836
69.19735 345.9242
70.53479 340.0105
71.8204 335.0384
73.20764 330.7439
74.45725 328.3452
75.47904 326.0294
76.29803 325.0342
76.65509 324.0446
77.23875 325.5997
77.39394 327.343
77.29225 329.2351
77.05608 332.7908
76.81564 338.4243
76.60505 345.2356
76.31905 354.7744
76.2088 366.1707
75.61584 376.9585
74.30346 386.9068
73.3796 396.6066
72.50684 406.9584
71.65309 416.5087
72.79293 434.9869
73.09549 443.0076
72.75874 449.611
72.9825 456.4383
73.56912 463.5109
73.29633 468.0616
73.40654 471.2794
74.34254 474.9377
74.65698 478.1026
75.10233 479.3737
75.41313 480.3419
75.82075 481.6199
76.21355 483.3102
76.66327 483.6941
76.7318 480.8923
77.13913 477.573
77.53056 471.628
78.11936 465.6221
78.86003 458.7526
80.03365 451.7693
80.64947 443.9756
80.85159 435.2676
81.08655 428.6782
81.67013 421.2177
82.04226 415.523
83.06573 410.0719
83.74072 403.7923
84.31441 398.4038
84.91015 393.043
86.11842 386.4218
87.4803 380.7736
89.11005 373.8991
90.5098 368.5297
92.40845 363.7892
94.06848 358.6413
96.14771 354.3622
98.5237 351.6996
101.0349 349.4858
102.2661 347.3528
103.6275 346.705
104.9048 346.8757
105.6102 345.7841
105.9497 344.5558
106.6393 344.1075
107.4081 345.0598
108.1152 347.5848
108.6834 351.6003
109.3677 358.6033
110.057 367.7994
111.3274 380.3146
112.2194 393.5649
111.937 407.4426
110.7951 422.455
108.8362 436.6014
107.8885 451.5247
107.1981 468.5991
108.5191 488.0217
109.5721 506.178
110.1759 521.7132
111.5798 535.3936
113.6696 551.7935
114.5798 564.6526
116.2637 578.4316
116.6188 608.4625
116.9488 615.6769
115.5431 618.2407
115.6755 621.8928
114.8461 623.6457
113.6637 621.9889
111.6684 619.9658
107.3421 614.7024
103.6418 608.7438
99.33035 599.7393
95.63293 591.7458
91.71922 583.2386
87.41342 571.6448
82.31046 556.6082
77.58454 540.5117
72.88747 522.9837
67.97923 509.025
63.36993 492.4201
59.90627 475.4279
56.37454 459.9797
54.36557 445.6736
52.38979 431.3468
52.03117 421.0045
50.40958 409.0546
48.85198 394.6679
48.09199 381.5571
48.2267 371.0934
47.94729 360.8728
48.31784 350.6442
48.49282 342.061
48.46642 333.5918
48.64641 325.6064
48.70578 318.2581
48.84313 312.6599
49.10056 309.5357
49.27932 306.2187
49.05818 303.3904
48.14323 301.8768
46.4957 301.2317
44.39188 302.4412
41.6002 303.9349
38.72807 307.5717
35.14861 312.7601
30.61071 319.348
26.31308 329.5012
21.88393 341.4006
17.90963 354.9206
15.50211 370.9417
14.01394 389.2447
11.61611 410.9339
9.959158 430.8192
8.955601 450.9742
12.53015 484.6152
15.06716 500.0343
13.46788 555.0164
14.15155 559.6262
15.07413 556.9351
16.30969 556.5117
16.91986 556.2662
18.00409 562.2066
17.44357 566.4895
16.60071 567.3341
15.99025 564.6279
15.45792 559.6813
14.89651 554.977
14.79514 549.198
14.10842 537.8912
13.39187 527.5388
13.53672 513.5533
13.88061 499.808
14.30424 487.4982
14.75583 475.9931
15.86487 459.7761
17.22354 441.0692
19.00501 424.5363
21.53287 411.4638
25.20488 403.0944
27.98109 392.2294
31.1687 381.9616
34.92191 371.8759
38.41043 360.2596
42.51935 352.0299
46.35196 343.9668
50.34512 337.2742
54.54513 331.4157
58.72366 329.0428
61.57503 324.5142
65.08398 323.1362
67.99483 321.9786
71.07408 321.0042
73.49333 320.1672
75.11404 322.2109
76.41283 324.0099
77.57266 327.1761
78.75057 330.8064
78.81203 335.2872
78.69936 341.1067
77.72611 348.0731
76.34817 357.6039
74.91 368.0754
73.00137 379.9359
72.29992 393.0283
72.2703 408.6084
71.88667 424.6304
72.68499 441.2023
73.1139 457.4962
73.64512 474.5289
73.39507 491.0403
74.0499 507.3277
73.71803 520.861
74.5631 532.766
75.34559 541.7321
75.79052 549.4653
75.39867 554.5268
74.95828 557.6946
74.37012 557.7416
73.56038 559.0508
71.91015 557.9708
70.39465 553.2053
67.65385 543.7571
65.40822 533.3367
62.64334 521.9312
60.9513 509.0564
59.7019 496.4388
58.05278 482.7453
57.6904 469.3374
57.40012 454.4223
56.43685 440.0034
56.11872 423.2788
55.69603 406.5015
56.09043 391.0624
56.61023 376.2361
57.04782 361.8847
57.46199 348.1943
58.27659 336.373
59.70946 327.0688
60.80297 317.8301
61.66616 308.1055
62.39107 299.0212
62.43954 291.0527
61.5752 283.9518
60.53654 277.7424
59.17106 272.9973
57.45517 269.1979
53.95956 266.8027
50.2576 265.1888
46.21815 265.7193
41.47661 266.5489
36.27231 268.4738
30.68341 272.9117
25.77922 280.0348
20.1897 288.0406
14.22672 298.6089
8.52952 312.0398
3.094538 326.2632
-2.580043 343.6834
-8.763189 362.7806
-14.28894 385.2045
-19.18506 407.6516
-24.54898 432.9421
-28.81353 456.8972
-31.28292 482.3532
-31.57978 505.3487
-30.39746 531.5759
-28.36854 556.3437
-28.03784 580.3361
-27.9268 604.4598
-25.57553 621.6013
-23.70419 635.4877
-21.61521 648.8923
-18.00253 659.5953
-16.07763 668.0057
-13.19928 672.9181
-9.897893 679.6677
-9.707819 690.219
-9.27325 700.1641
-8.582494 706.9794
-8.405325 708.0753
-8.511843 702.4037
-9.628143 687.0974
-9.180168 668.8513
-10.63356 651.0189
-13.36571 634.6377
-14.55126 617.2769
-18.49633 600.8427
-20.19425 585.0571
-22.5378 569.9264
-23.44835 555.6494
-23.6457 540.0107
-23.64295 525.4922
-24.43866 509.0846
-24.57339 491.2597
-23.57823 474.0831
-21.42201 457.0904
-18.60837 440.303
-15.96209 423.9184
-13.2654 410.5493
-11.18226 396.4173
-9.069566 383.3181
-6.574083 372.2881
-3.075869 362.8347
-0.5649315 354.4983
1.253831 347.0891
3.21933 342.3807
4.749268 337.5178
5.898466 333.8717
6.495914 331.7324
6.365369 331.6471
5.583499 333.8609
4.506089 337.3776
3.437027 343.4677
1.817773 351.6729
-0.2582714 362.4285
-2.213914 371.859
-4.548897 382.5092
-7.238703 393.4662
-9.658392 402.8144
-11.31876 412.2889
-13.36507 424.8044
-15.0596 437.6307
-16.12767 450.6228
-16.37596 461.8645
-16.09601 472.9859
-15.39616 481.6703
-15.1392 493.7522
-15.62349 502.4144
-15.68782 512.0282
-15.24842 519.0696
-15.09053 523.6423
-14.37414 527.8493
-13.87607 529.8763
-13.86909 530.4693
-13.42388 530.3243
-13.20934 528.6471
-13.20068 523.407
-12.81391 516.7621
-12.37806 508.9678
-11.31038 500.0829
-10.51852 492.6079
-10.05149 485.1229
-8.39229 476.8641
-6.782264 469.4779
-5.298819 460.4066
-4.141552 451.461
-3.271179 445.0532
-1.053778 437.8927
0.2830372 431.5399
2.358609 425.7093
4.074436 418.5668
7.249635 409.4221
9.465403 402.3118
11.33231 395.3694
13.54703 389.6879
15.13298 384.5179
16.55323 379.7151
17.59796 374.674
18.7385 370.1097
18.48281 365.8951
18.9903 362.3109
19.42208 358.9101
19.44148 357.0703
19.72441 357.1215
19.31064 357.5352
19.09385 357.6365
18.41886 358.2333
17.5195 359.3846
16.56999 361.5126
15.56176 365.5002
14.69414 370.2407
13.82163 376.1062
12.76056 382.7279
11.39502 389.7983
9.828306 396.4265
8.64218 403.9777
7.383254 412.5057
6.859366 422.3482
6.089493 432.2115
5.269389 443.1945
4.824179 453.4485
4.651898 462.6768
4.255499 471.6643
4.685071 479.2784
4.576611 486.2504
5.149734 490.6281
5.652396 495.2146
6.417183 498.3172
6.59294 502.4414
7.52387 505.4134
8.381291 505.0027
9.257005 503.6624
10.10908 502.5224
10.45219 500.2527
11.00782 497.6083
11.59822 495.3339
11.92461 492.8209
12.52439 490.6822
13.37081 487.5944
14.27374 484.4012
14.80657 479.4188
15.16019 472.7817
18.07102 455.1751
19.1783 450.0355
19.95687 442.3501
21.34908 436.2408
22.83666 427.3358
24.12277 421.5212
24.85011 416.6592
25.40006 412.5434
26.46496 407.6758
27.51573 403.3044
28.69448 399.7362
28.50297 395.8163
29.06401 392.5797
29.30891 389.6155
29.1473 386.662
29.62032 384.7784
29.88314 383.1833
29.97971 381.0582
29.77843 378.4785
29.49635 376.9438
29.34319 377.2601
29.24749 377.6443
28.67707 378.8937
27.62514 381.4965
26.85728 384.8746
25.97431 390.1814
25.12812 397.3694
23.65209 405.2447
22.9277 414.9651
22.11989 427.9144
21.72289 443.2373
21.91232 458.9533
22.21233 475.6082
22.25226 490.6733
23.43914 509.1018
24.31966 526.6189
25.38017 544.0503
27.10566 561.8146
28.60919 580.2439
30.73862 597.8585
31.26795 607.8212
32.77757 613.3036
33.53122 619.9288
35.21871 625.8206
35.52844 629.7621
36.36371 631.0687
36.11303 631.032
36.17705 630.8988
38.19932 627.2799
37.40548 621.7756
35.5974 614.621
33.88555 605.9254
31.44531 597.533
28.0881 586.541
24.96161 573.1829
22.70006 561.5874
20.7327 549.259
18.3478 537.9478
14.95222 527.7277
13.02116 514.5838
11.46923 502.0785
9.42368 491.4501
7.389687 477.1199
5.902434 462.9288
4.87791 447.8781
5.426689 434.512
6.231043 423.7567
5.901596 412.3931
6.114521 401.8453
6.160981 389.2115
6.20336 377.1495
6.747103 368.2003
6.87499 361.1586
8.133615 352.7772
8.797468 347.3601
9.462183 343.8913
10.26676 340.743
10.72532 336.0839
10.6813 334.3169
10.43443 333.2292
9.730857 333.3279
8.99898 335.4497
7.586236 339.2958
5.598392 344.3349
3.121057 350.8015
0.8220965 360.2375
-1.008646 370.1158
-2.314152 381.9389
-3.24826 396.7771
-6.282864 414.9167
-8.257108 433.4901
-8.939619 452.929
-7.723945 472.435
-5.696028 492.3305
-2.988748 513.0598
-0.9165308 535.0927
1.837531 557.0574
4.981746 576.5893
8.958184 592.6414
12.64879 608.6179
15.02864 617.5939
18.70298 621.2122
22.65253 625.3989
26.90784 631.0468
29.53782 633.2272
32.03199 634.8165
33.13527 635.7377
32.575 635.6942
31.65329 632.3591
28.55962 626.6384
24.97267 624.899
21.77898 615.5165
18.29689 604.2059
16.28463 589.4894
14.22445 576.5198
13.72929 563.4211
13.68071 548.8505
14.05472 534.653
15.00635 520.4482
16.0855 504.3452
17.62067 489.8948
19.93015 477.2139
22.61894 464.1125
24.30915 450.2802
27.26382 435.9583
30.10437 422.1875
34.15778 412.5746
36.81247 401.7331
39.53566 390.7682
42.29382 381.0963
45.2033 373.1565
48.06305 363.9577
51.22326 356.8134
52.83199 348.7136
54.30098 339.8762
55.36341 333.8001
57.03748 329.4279
57.90372 325.7915
59.17821 323.7399
59.99142 321.8147
61.46442 324.7796
62.39123 328.7994
62.41314 332.6924
61.9319 338.952
61.35221 347.4284
60.5854 356.231
59.73207 367.5893
57.95934 379.208
56.99371 392.4208
56.36204 405.6542
55.45971 419.8667
54.80157 436.2011
54.09607 452.6722
53.1414 470.5955
52.73269 491.0036
51.23355 508.6508
51.18482 526.9604
50.83516 541.9227
50.89002 559.6269
51.10357 575.6699
51.64445 590.0604
52.85133 599.8078
55.0916 609.5576
54.63128 618.4777
55.74009 626.017
56.09779 632.2463
54.60772 632.051
54.27562 630.7352
54.04852 628.1709
52.02585 622.5303
51.14495 615.9016
48.73911 608.2151
46.10643 597.5148
43.67722 584.6518
42.93284 572.192
42.59047 562.5108
41.92964 549.6694
40.72704 537.9424
39.50671 527.6085
38.89971 513.9255
38.26305 500.465
37.50536 486.9365
37.606 472.7787
37.54636 459.0184
37.39241 447.0555
37.722 436.446
36.92154 423.5174
36.69637 412.0762
36.29826 401.1021
36.2191 391.0677
36.61602 381.7677
36.15204 373.0215
35.87459 364.8634
35.03886 356.7833
34.12444 348.5768
32.4341 339.9231
31.60541 333.0383
30.84512 326.9331
29.29212 322.0478
27.09292 318.3005
25.25716 316.3496
22.86066 318.1647
20.7251 323.185
19.21064 329.8382
17.07262 337.1265
15.24379 347.1115
12.36101 360.201
8.407012 375.6783
3.986069 394.8886
0.3067702 414.1696
-2.590607 435.38
-4.838536 456.0493
-5.804266 476.9176
-5.223886 498.3529
-3.524393 519.014
-2.214925 539.3422
2.033075 563.5414
6.811621 587.1557
10.77309 611.233
15.37654 633.31
20.75769 648.9885
25.02293 664.6846
30.09454 679.8413
34.30904 693.5618
37.79607 701.0281
39.746 704.762
41.96949 707.0775
42.62652 706.8031
43.75038 702.2865
44.16716 694.8992
43.11278 682.8444
42.139 670.9183
38.94296 661.1234
35.61227 652.272
30.51397 642.0646
25.31725 634.2316
21.51917 620.2495
16.29563 604.5073
11.7902 589.9986
8.695118 575.7161
6.40541 560.489
4.311522 543.7069
3.086466 526.3455
2.02284 508.3791
3.234833 485.252
4.346558 464.9454
5.020971 444.0399
7.224806 429.0715
10.66472 415.199
13.05349 399.677
16.0205 386.2702
18.60594 374.1157
20.65594 360.092
23.89463 345.8043
26.61009 335.5515
29.35568 325.9504
31.79323 315.7171
34.17092 309.8048
35.98737 306.0411
37.09879 302.4588
37.26885 299.9884
36.89611 298.5816
36.02224 298.9894
34.79861 300.9071
33.67311 306.5412
32.56818 311.6747
30.9257 319.7621
29.59963 329.5942
27.82258 340.5982
26.42874 353.8917
25.87405 368.3659
25.7592 382.9248
25.51608 396.7279
25.65926 410.9125
26.23109 423.8698
27.22926 436.0675
28.65493 447.468
30.67002 456.4007
33.03442 468.1052
36.10536 477.7731
39.6081 483.8077
42.39265 489.8486
46.16626 493.2076
49.74194 492.9321
53.15146 493.4472
56.66133 491.5068
60.98274 487.8417
64.3184 479.433
67.74249 471.3473
70.8608 461.0867
75.01369 453.9054
79.18146 446.6573
83.69174 436.714
89.17073 426.8219
94.91699 416.1527
102.1822 403.0504
109.1356 393.6632
117.4739 385.2948
124.4206 375.7263
131.4681 366.3505
138.6166 358.6295
146.9318 352.0293
153.8237 339.7802
160.7451 328.046
166.9881 317.0916
171.528 308.6287
176.3319 300.3134
182.6964 294.1111
189.3125 290.6775
195.2093 288.0294
201.2376 287.5287
206.8916 288.5087
211.1115 287.7201
213.5635 285.1758
215.9701 281.7378
218.8486 278.338
223.2643 275.577
229.8739 275.3782
233.6581 272.957
238.2861 269.8008
239.5285 266.5113
239.9514 262.9908
238.0405 260.0415
247.487 260.705
261.8558 264.5575
278.2349 271.5407
288.4012 278.2048
297.5519 279.894
306.8615 278.5022
317.4 277.1548
332.3551 279.3552
347.1225 281.3011
364.4949 285.4239
378.8003 288.3689
391.5161 290.5887
400.3308 291.9925
406.7486 292.1512
412.8685 293.7596
417.9513 294.1669
420.135 293.4775
421.9516 292.4644
423.5438 292.6443
422.6935 291.6378
419.9662 289.0646
415.7297 286.4622
412.2739 284.4346
409.9234 282.9226
408.6217 281.9458
407.6213 281.4731
407.4152 282.0361
407.3349 282.99
