267.8362 341.3874
267.7364 343.688
266.5598 345.56
264.7091 346.9534
262.891 348.9011
261.0485 350.8262
259.2367 352.9401
257.1599 354.4013
254.7782 356.4606
252.201 358.7708
249.5146 360.993
246.4765 362.7099
242.9662 364.1572
239.7463 365.3297
236.6933 366.3757
234.402 368.1772
232.0934 369.8374
229.7068 371.5078
228.0363 373.9936
226.3789 376.2928
225.4179 379.4002
224.3012 382.1744
223.2902 384.5999
222.1236 386.3939
220.8249 388.0864
219.4109 389.3168
217.7868 390.0533
215.9639 389.9313
214.3544 389.562
212.8141 389.0613
211.1564 388.1848
209.4548 386.8242
207.7745 385.4269
206.6351 384.332
205.8148 383.2652
205.0597 382.0988
204.6396 381.1758
204.8224 380.5081
204.726 379.5858
204.9043 378.3507
205.096 377.1446
205.4003 375.7278
206.0723 374.7558
207.083 374.2081
208.2599 373.7149
209.7086 373.5687
210.7527 372.9156
211.6476 372.2477
212.1824 371.2031
212.6657 369.9664
212.9863 368.7292
213.3823 367.8959
213.8168 367.1183
214.0172 366.1664
214.0775 365.168
213.8748 363.7878
213.5897 362.309
213.5868 361.2383
213.7346 360.2263
213.3757 358.951
212.4781 357.0812
211.0501 355.029
209.125 352.7679
206.4923 349.8759
203.3997 346.6141
199.5094 342.4284
194.8509 337.5541
189.1387 332.3166
182.1709 327.0934
173.6233 321.9222
163.5399 317.3342
152.7873 314.9099
141.3476 315.5818
127.6486 320.221
112.947 332.4596
93.64869 357.78
75.03855 393.7188
57.39411 439.9109
43.04473 494.5029
31.15841 552.9881
22.60816 610.9709
17.61092 669.291
12.58495 728.8321
12.25094 783.2341
3.727268 830.4422
12.44068 869.7928
12.61667 896.4216
12.53027 920.1641
5.491929 934.1888
6.724817 940.5908
10.54103 946.5663
12.12177 942.2795
3.840563 938.0895
3.071851 929.6904
4.718656 906.3348
11.80833 877.1465
15.51355 834.7272
17.50278 780.0368
22.04552 715.579
25.55603 642.6304
27.87901 602.4299
31.05786 581.5087
36.48619 567.5214
43.75609 553.3341
50.98875 536.2518
60.61072 517.8077
69.87882 501.1879
73.52415 486.5061
73.09064 473.7628
67.20242 468.5467
59.2592 479.1435
54.49224 499.6301
47.82812 540.4154
44.45768 581.3703
41.18222 619.0485
36.81271 648.6041
33.19641 672.0646
30.94813 691.4951
31.64078 702.1099
31.15151 708.4149
29.33669 713.1966
27.20728 710.5681
24.47935 701.0089
22.57901 688.6857
21.46407 677.0523
21.06948 659.4882
21.15582 646.2688
20.78467 634.2342
20.8264 621.9966
21.77481 610.0764
22.72238 596.5067
22.63114 583.7834
22.06629 566.7438
21.25806 548.9026
20.51345 530.4575
19.55687 511.7581
18.76081 495.8052
17.71424 479.2419
17.25401 465.4937
16.18704 450.7614
15.46727 434.8634
15.20659 418.888
14.96537 403.1708
14.5714 388.2168
12.53691 375.5943
6.853355 370.112
0.2973111 379.8226
-6.540329 402.1863
-12.4831 434.4756
-17.86905 474.5307
-23.13095 517.2639
-27.23368 555.8427
-30.08301 589.1249
-31.77925 618.1604
-32.1522 639.7622
-31.45422 654.8027
-30.84087 665.4539
-29.28149 668.9852
-27.31862 670.0215
-25.87966 668.5171
-23.7255 664.3915
-21.76792 657.7354
-18.48411 649.65
-16.4184 638.4539
-13.45044 624.4984
-10.28886 607.6511
-6.182574 591.2846
-2.883333 573.1204
1.227009 557.2083
6.329901 541.8204
11.16734 525.1678
17.73001 504.0517
24.36859 485.2975
31.26335 467.8638
37.78362 454.514
45.04111 442.5481
52.85021 433.1918
61.48878 423.0997
71.08181 412.4403
82.61658 402.4043
95.70817 393.3896
109.5412 386.3271
122.1716 384.5933
131.6788 391.7827
139.6255 408.4095
145.5725 430.6345
150.3271 456.2655
153.3295 483.666
154.9094 502.0834
156.312 523.1255
157.2138 545.5146
159.7598 566.5917
161.914 584.8655
164.3959 596.1955
165.6542 602.0203
166.5081 602.8685
168.1375 601.8168
169.7843 599.0049
171.5484 592.6274
172.3931 583.1964
172.629 572.3235
172.2254 558.0605
171.1325 543.5376
170.89 529.7294
170.8125 515.6962
169.7348 500.1064
168.5844 483.9509
167.1789 468.8033
165.4887 453.5549
163.4056 438.1835
160.4684 423.5481
157.31 408.9937
154.3054 394.4148
151.0026 379.1535
148.0582 364.4464
143.6511 350.2693
134.8398 339.5699
121.8771 338.1546
109.4493 349.4141
97.12258 373.0728
86.18421 406.8165
76.73621 447.399
70.60828 492.0409
66.0857 535.8664
62.41749 579.7783
59.39516 613.4725
56.56228 643.871
55.07682 669.212
54.76352 689.1532
52.83325 703.2984
52.75196 715.4861
52.03685 724.4054
51.81264 732.1162
51.46357 735.1592
52.2283 732.5434
52.24256 725.4127
52.6395 714.1999
52.17998 700.793
52.1516 685.3459
53.8404 667.223
54.81694 648.0488
55.80048 627.4623
57.14676 605.3367
57.85777 581.733
59.07936 556.0891
59.37053 524.7246
60.71326 495.0358
62.08984 470.7033
65.3407 449.5449
69.93897 428.4323
75.97075 409.9345
80.18768 396.7716
80.0322 393.8801
78.66969 401.9762
75.69666 418.8666
72.10352 439.5153
67.18321 472.4858
61.15519 507.5086
55.03927 541.2165
50.45386 558.0573
44.46884 575.5875
39.16896 595.3463
36.03843 609.9628
33.04121 616.7643
29.58652 620.8259
27.28575 623.7373
23.7245 623.6807
21.3089 623.1453
18.7387 617.8621
15.75373 606.0817
13.10766 593.5874
10.89382 580.4911
8.87962 565.8091
7.35621 550.6788
6.195462 534.1511
4.827984 518.7662
3.663778 504.2462
2.318692 489.9714
1.285295 476.1474
-0.08637065 463.753
-1.389076 449.7667
-3.067326 436.1112
-4.904803 423.3554
-8.024958 410.5677
-13.54127 399.0957
-21.38488 393.8185
-30.34035 400.9495
-38.03282 416.7235
-45.59534 440.2805
-52.06202 469.2109
-58.52464 501.9283
-63.96896 533.376
-68.13342 563.1183
-70.67801 586.2384
-72.08036 602.4448
-71.16863 611.6819
-70.55787 617.1785
-69.84693 620.7913
-67.78954 621.5173
-65.85561 617.8282
-62.92933 611.7731
-60.61335 603.0343
-57.61059 592.4126
-54.27765 579.2828
-51.44619 567.9347
-48.60925 558.3749
-45.89479 548.4266
-42.64501 538.2031
-39.67322 527.0605
-36.52769 514.9206
-31.60198 501.3665
-26.19554 489.0729
-19.38716 476.7057
-10.82419 466.0806
1.196366 454.433
18.04947 441.6593
39.26125 426.404
61.09893 413.8806
79.41188 411.6365
92.88309 424.8297
103.4983 449.3342
109.3678 477.4971
116.2412 514.1509
119.6446 550.0628
120.9486 582.7798
121.9696 608.9207
121.602 629.4061
120.9129 646.673
120.8638 661.2623
121.6358 670.3657
123.1666 676.1147
124.1491 676.3126
124.7276 676.3207
126.5639 676.3808
128.0842 670.0979
129.3918 660.1671
129.5065 641.1593
129.3312 618.9618
128.7492 595.6471
128.7278 577.2437
128.8315 558.3869
129.2222 543.2414
129.1775 525.363
128.7697 507.9865
127.6827 487.4059
126.0024 464.3714
124.7779 442.9395
120.4415 423.3349
110.1978 408.1597
93.32108 399.5642
77.30476 404.092
64.81014 421.4963
53.56844 450.0651
44.48912 485.4903
37.78705 525.8044
32.59438 565.8938
28.03293 604.6439
23.94954 634.5538
20.67896 658.8157
17.22734 678.3378
16.50079 690.3163
15.93052 695.5063
16.66062 696.1469
16.40161 696.4073
16.66257 695.3315
16.60475 692.0274
16.81286 687.2159
17.967 676.9921
19.1972 671.7991
19.71278 658.3723
20.7804 640.7792
21.10065 622.1111
22.90711 601.982
23.61879 580.6774
25.33329 557.2368
26.76069 533.1857
28.57292 507.396
30.72561 488.7913
34.9687 471.1446
41.78029 454.2893
49.17072 436.5593
53.77514 420.2698
53.76572 407.4876
51.53143 404.026
48.78059 414.4016
44.52527 434.2741
40.47556 460.1555
35.9007 488.6191
31.25155 517.108
26.66961 540.0397
23.1816 560.4976
19.56696 575.8456
16.93535 587.3926
14.42489 595.6936
11.63249 600.6981
8.720057 601.1881
6.892243 597.2399
4.463279 591.6127
1.174973 585.2075
-1.400958 574.3792
-3.856818 562.5446
-5.915275 549.7482
-7.809544 536.7521
-9.898538 521.8115
-11.88743 505.9262
-13.76052 488.483
-15.0927 470.4508
-16.46331 453.0953
-16.90365 435.2242
-17.57764 417.8228
-18.06877 399.7072
-19.0146 380.3747
-22.20757 362.0736
-27.68909 350.417
-33.84504 353.1663
-40.45427 370.5275
-46.37815 397.463
-51.87094 428.8155
-56.27874 463.6207
-60.51538 499.7298
-63.27624 534.1641
-65.82291 562.1841
-65.66081 582.909
-63.83953 597.0809
-60.91169 606.6755
-58.32295 616.8015
-55.9741 621.0086
-52.73246 622.5844
-49.18553 620.6286
-45.53185 615.7782
-41.94579 606.1475
-37.86462 593.8467
-32.39994 577.7613
-27.01763 563.3814
-21.64111 548.7147
-15.70235 534.3246
-10.27301 517.3441
-3.002006 501.3783
4.472522 485.1119
12.20796 470.2225
20.09484 458.1443
28.68149 445.6959
39.85204 433.4489
53.58005 419.6425
69.40955 403.3426
86.11479 389.7706
99.91017 384.1142
110.8224 389.7709
118.8754 403.5898
124.6624 428.8161
128.8427 456.4558
131.4115 486.0149
132.1358 511.3757
131.4683 535.9943
131.5569 554.3195
131.2798 568.9735
131.3414 580.773
131.8923 585.1504
132.5141 587.3868
133.8773 585.7087
134.3265 577.7065
134.8079 566.7093
135.4914 555.6765
135.8754 543.2413
135.7911 528.0786
135.7778 512.1325
134.9568 495.1388
133.3631 477.3745
132.1357 461.7868
129.6339 444.7197
126.6042 427.5729
123.7289 412.3239
120.9083 398.7526
117.7701 384.9906
113.6618 371.9071
107.8799 359.4868
100.899 348.0027
91.07833 340.5512
79.15189 339.7104
67.40853 349.3665
55.45337 370.3684
46.89145 393.3146
38.34543 426.3881
32.17198 472.3142
29.00373 519.4555
26.25593 564.051
25.18704 600.685
23.86088 630.7518
22.62256 654.7858
21.85728 672.2085
22.9796 681.4988
23.80027 684.5363
23.98124 684.7911
26.3934 679.7292
28.17205 671.4899
29.15391 660.8141
30.2408 654.2311
31.84598 643.7379
33.72508 629.5296
35.88912 612.6253
37.54426 595.2006
37.54323 573.2375
38.84046 556.9493
41.03064 540.2629
44.14223 521.7931
47.52905 497.5139
51.64453 470.0759
56.37083 442.006
62.31217 415.2949
67.70673 393.4567
70.63239 385.128
71.09285 389.1768
70.12485 403.1693
67.68594 423.0822
63.78429 453.3935
58.80126 486.4732
53.45049 519.1941
47.72767 549.0846
42.93302 573.431
38.30164 594.8975
33.41926 612.5375
29.82116 622.8318
26.37652 628.3156
24.10903 632.2457
20.73307 632.4095
19.46452 626.7391
17.72206 621.4494
16.2739 614.0454
13.61739 606.277
10.84004 594.1348
10.02471 580.6442
9.794363 565.6551
9.31247 548.348
9.17358 531.3578
8.857712 514.4018
8.547813 497.7832
7.999788 481.8076
7.069676 467.2076
5.541148 453.4324
4.463998 441.2804
3.212896 428.6737
2.270866 417.5587
0.7876896 406.3006
-1.581434 397.8385
-5.60604 392.9488
-10.83682 395.8436
-16.8387 409.4173
-20.85594 430.5205
-24.70701 457.0975
-27.25781 486.8763
-29.03059 517.7625
-29.45129 545.4702
-28.81741 568.0695
-26.6012 584.9825
-24.40519 595.748
-21.4902 603.6492
-17.9516 606.3429
-14.74413 605.6679
-11.24888 601.5157
-7.230115 594.0661
-3.400146 586.105
0.7917144 574.533
4.774595 564.2554
9.261506 552.4898
13.78968 538.5542
18.79632 523.0074
23.86433 506.6177
29.16743 489.0862
34.67094 472.7226
41.05983 457.5486
48.61875 444.2785
57.75956 432.8097
68.13579 419.9119
80.56463 408.2968
94.23774 397.4614
107.6995 391.9611
118.362 390.1715
126.1324 397.0851
131.8313 410.4878
135.7462 428.7013
138.4371 450.7064
141.5108 482.6159
143.3751 513.9806
143.4564 543.1255
143.9993 567.9064
144.2024 588.8091
143.6649 603.2429
141.9608 609.9708
140.5671 615.1476
139.5725 616.6625
138.6158 613.6214
138.1943 610.3279
138.3996 606.1064
138.3007 597.0898
138.4078 587.0651
137.6337 574.3919
136.9827 561.0369
136.2424 545.4114
134.8179 527.6305
133.4101 511.22
131.5471 494.877
128.5646 477.3345
125.5769 460.1326
122.4674 442.4524
117.2751 425.9397
108.908 413.7225
98.94446 410.3157
90.879 415.234
84.21445 429.7652
79.81939 449.1371
76.44212 476.6357
74.17216 502.7897
71.33089 526.7886
70.78796 547.3277
69.57867 563.3966
68.95503 576.7197
67.86459 582.4767
67.56953 587.1391
66.87141 589.4847
66.24146 589.767
65.85432 584.0922
65.7023 576.9323
65.45662 567.163
65.62193 555.6566
65.44425 542.856
65.822 533.2676
65.34798 522.3641
65.78697 512.6465
66.66451 499.4657
67.26965 487.9534
67.55414 476.8708
68.46828 465.5697
70.31842 453.3563
73.15144 440.8048
76.70215 428.7734
78.46992 419.3054
78.3915 418.3175
77.93497 426.2374
76.32657 442.3179
74.43626 465.9834
71.63673 493.6641
67.90221 521.4883
64.3596 545.4526
60.36995 567.0633
55.43129 583.248
50.36865 595.5688
44.88704 603.0809
40.42194 606.5103
35.70726 605.9606
31.59713 601.5886
27.60438 594.5641
24.69602 588.0306
22.4411 581.486
19.87526 573.5307
17.54326 564.1955
15.69035 553.1037
13.64801 539.5139
11.81582 526.4139
10.22592 512.9987
8.692484 499.1725
7.291724 485.138
6.038188 471.7567
5.026951 459.2452
4.077417 447.1318
3.383071 434.4965
2.50556 419.9083
0.8089502 406.813
-3.214599 396.6338
-9.364994 394.1113
-15.48921 403.0469
-20.97341 420.7638
-25.14874 444.9165
-28.90178 470.397
-32.28571 493.7898
-34.10718 520.0751
-34.9006 539.9988
-33.96411 555.9082
-32.31944 566.9202
-30.02668 574.5781
-27.4903 579.2267
-24.82431 577.1644
-22.09985 574.2534
-19.17008 569.7724
-16.03918 564.3516
-12.79049 555.9204
-8.515252 546.3011
-3.80434 536.3939
1.442721 524.4446
6.23271 509.9436
11.8627 495.0623
18.03977 480.8694
24.88694 468.6313
31.83684 455.7756
39.51033 445.5781
47.95684 434.3415
58.36781 422.3687
70.3562 407.9613
84.32508 394.5716
99.88062 384.2325
115.1523 376.5233
127.9574 375.2539
135.401 382.034
139.5496 394.4107
141.168 408.4383
141.5925 429.272
143.7129 455.3829
144.0711 483.9082
145.1441 513.4827
145.2352 540.5996
145.6594 559.4512
144.0313 574.6608
142.5443 582.9579
141.1513 588.5431
139.0586 587.1763
138.0644 583.8897
136.3197 577.159
136.1592 569.2325
136.06 558.0214
136.1462 545.508
136.1759 531.0904
136.2652 516.4406
136.1486 502.0922
135.8885 486.6237
136.1306 471.7304
135.7167 456.5476
134.8979 441.8757
133.5471 427.078
131.8533 412.2011
129.0935 395.9942
125.9672 380.774
122.356 368.5936
115.5821 357.0865
104.6362 351.9602
91.89433 358.1885
78.41856 377.6596
66.14089 408.8499
51.86053 435.9018
40.93958 476.5875
37.3227 519.1586
36.15021 553.2534
34.23416 584.9885
31.95474 614.9838
31.10061 636.5142
30.57656 650.2964
31.9509 653.8474
33.7786 652.1436
34.13077 644.6234
34.89467 635.3355
36.24106 627.1983
38.02351 622.7144
39.19092 615.4419
41.8855 602.6916
42.64379 585.8669
43.33771 565.4982
44.55951 544.1698
45.62982 527.5673
47.11206 510.8548
49.28238 493.8337
51.7112 474.5781
54.77794 454.353
59.092 433.4142
65.47341 414.1583
72.32034 396.8347
77.7562 385.3849
79.32719 384.1577
78.37834 392.6624
75.42721 407.615
71.17939 423.6908
67.00277 448.8174
61.42797 472.0284
52.63783 496.3007
46.44942 528.942
41.3619 554.7915
36.24645 571.5497
31.76245 580.73
27.53001 584.8677
23.70748 584.0618
20.46974 577.8289
17.60439 568.9432
14.99152 561.5966
12.74291 551.6231
9.981922 540.6658
7.344871 528.9649
4.92628 515.9726
2.970461 502.127
0.7724152 486.8101
-1.928813 472.9465
-4.146677 459.3809
-6.557934 445.9704
-8.922558 432.0888
-11.42675 416.6293
-13.76524 399.069
-15.91554 382.5964
-20.68885 367.3673
-27.84317 359.5437
-35.58754 365.7367
-41.57001 381.9485
-48.37383 407.2553
-54.32031 434.9818
-58.54973 462.7229
-61.0203 489.1879
-62.86471 513.8403
-63.01375 535.9855
-62.07928 552.8015
-60.48389 565.0142
-58.69726 572.8259
-54.98322 577.4242
-50.69868 576.8725
-46.45012 570.0845
-41.83905 563.622
-36.53248 554.5414
-31.62432 544.7545
-26.88836 534.9862
-22.0773 522.848
-16.12429 511.4727
-9.426114 497.4438
-1.100997 482.4626
8.159901 465.9112
18.12553 448.8083
30.54515 432.4136
45.11502 415.702
62.49282 397.525
82.71346 380.3937
102.3446 370.3884
117.9863 369.8707
129.1505 379.9074
135.8576 394.2392
139.5387 414.9967
142.7891 441.8478
147.0528 474.3451
152.0681 508.5371
156.0112 539.0742
159.1525 562.4693
160.4442 575.6594
160.4909 583.7823
160.4091 588.0754
160.4366 589.2474
161.1951 589.3112
163.0509 587.9575
165.4203 583.4053
167.2256 574.028
170.0544 560.5261
171.6908 545.4292
172.4704 528.3396
172.4743 509.2213
172.5316 491.2534
171.9939 472.79
170.4173 453.4808
168.549 433.9402
166.1121 413.8969
163.389 393.8938
159.5862 374.1523
153.6056 354.5106
142.4919 338.1284
127.2062 331.0795
111.8451 337.2089
99.83557 354.1834
88.87961 384.9634
78.94173 425.6856
73.2045 476.5097
70.24577 528.4657
68.13724 576.2198
66.65519 615.7551
64.96519 647.1032
65.03295 668.4775
64.79577 681.8961
65.59508 691.3108
66.01477 696.639
65.38358 698.1875
67.05593 694.9583
70.19064 682.7784
71.14688 669.6637
71.77614 652.5968
73.56677 639.2091
74.7761 626.2731
76.70306 608.5861
77.74067 588.9487
78.29221 563.9572
78.34356 534.6331
78.75188 505.5191
78.9304 477.399
81.05887 459.9441
84.6447 440.5288
89.08469 415.7894
95.26761 389.832
102.1187 369.009
105.9904 355.1708
105.907 353.1078
103.9578 364.0875
100.2129 382.347
95.72996 406.0407
91.68539 433.7175
84.69861 462.6575
78.60475 489.3314
71.72764 514.3876
65.73092 539.1036
58.56036 567.2296
52.31564 599.4136
45.16419 621.1124
38.59196 634.2633
32.62927 637.6688
27.63527 632.1432
22.66821 619.9792
18.3266 606.7534
13.98517 593.2534
10.84245 577.716
7.690434 560.085
4.637545 542.1992
1.642907 524.2678
-1.233037 505.6306
-4.276327 486.838
-6.806811 468.266
-9.3974 451.1359
-12.13956 431.2989
-15.13088 410.7316
-18.2302 389.9106
-22.41765 370.5811
-29.19616 354.8023
-37.71653 350.4924
-47.49989 362.4519
-57.34724 385.9802
-65.77191 416.2571
-73.47507 452.1645
-80.54235 490.106
-86.09182 526.8351
-89.55737 559.523
-90.55217 585.7266
-90.44215 605.3542
-90.30862 620.6552
-88.78943 631.6769
-86.68331 636.7065
-83.15646 637.181
-78.74121 632.8931
-73.50568 626.6235
-68.15075 614.3768
-62.46493 603.0641
-56.93903 588.1986
-50.50343 571.1748
-44.13929 554.9906
-37.72605 539.0499
-31.36497 521.9352
-24.61419 504.0544
-17.36854 486.5272
-9.23586 470.351
-0.5109205 454.4425
9.364717 439.5777
22.01426 424.8267
36.66306 408.7684
53.02927 392.9849
70.02555 380.4987
83.45846 377.4638
92.14502 383.3631
97.96449 397.3186
100.7864 416.8958
101.0379 436.3935
100.2195 458.6906
100.3619 485.62
102.1479 513.3187
101.7333 539.7795
101.859 557.587
101.9319 572.0644
102.3678 581.0042
102.5487 585.8541
103.5881 588.0857
105.3192 586.3517
107.7136 582.4062
110.3928 575.3668
112.9946 565.2258
115.6866 552.037
118.6423 536.8494
121.339 519.9684
123.2637 501.246
124.7135 482.2016
125.0837 462.294
124.6107 443.1688
123.9931 423.8798
122.976 403.5637
121.6926 383.7017
119.8721 364.1149
116.3791 345.235
107.3137 326.9447
94.62481 316.6132
81.9065 320.1748
70.85751 335.174
61.35888 357.2313
50.69749 390.5007
39.97046 423.1329
23.42951 474.0481
20.6331 513.9441
25.01523 546.5471
21.88641 577.1679
21.91779 597.8989
24.15667 621.1299
23.59135 644.7187
23.91303 664.073
26.71619 677.2964
29.63854 682.5896
32.79463 680.1793
35.76188 672.7806
37.90555 662.2924
38.98271 646.6315
40.61984 625.4429
43.31115 603.8102
45.45438 580.5534
47.54555 556.9615
50.07146 538.4352
52.41967 518.6276
54.8542 496.701
57.5293 474.2199
60.88963 450.8187
65.61494 427.5555
71.50252 406.4138
77.26391 388.8686
83.41743 376.8305
87.71753 371.0507
88.83702 374.914
87.89155 385.5595
84.7046 398.9319
79.96248 421.142
76.13802 448.2954
71.929 475.5178
66.90379 499.672
62.91445 524.212
52.91463 553.8854
44.78632 576.8882
40.88543 592.1515
37.01088 603.8481
32.97107 610.192
28.95963 612.4098
25.74072 610.3009
22.38909 605.6852
19.38458 597.79
16.30621 586.8668
13.49183 573.449
11.12101 557.7845
9.918376 540.6874
9.171735 520.9562
8.642952 498.7636
7.513993 476.1276
6.669878 454.5622
5.669686 435.2633
4.201664 417.9127
3.225628 400.6102
2.273796 383.5653
1.173329 367.5601
-1.734655 353.7345
-6.52061 344.2617
-11.8299 345.0944
-16.84039 358.6943
-21.10069 380.6745
-25.47026 407.4008
-28.52183 435.7506
-30.83369 463.3594
-32.74067 490.5737
-33.5423 515.0246
-32.42897 536.8754
-30.76274 555.2354
-30.3431 572.3412
-28.54888 585.5457
-25.06407 592.7479
-20.79965 594.1686
-16.50573 592.4332
-13.95532 586.0511
-10.76092 579.5235
-7.151414 569.9183
-3.19008 557.6899
1.714931 540.9102
6.732926 521.6091
13.13931 504.9852
20.27907 486.8125
28.02074 468.788
36.7052 449.9989
46.53048 430.965
58.32132 415.2372
71.92394 400.6101
87.21764 388.419
102.7041 380.0788
114.4383 378.7259
122.058 385.9676
125.6579 398.7063
126.1336 409.6713
124.9924 430.2578
126.9846 452.7702
126.2559 474.7653
124.4043 495.2732
119.4901 518.6257
116.5816 537.817
115.0363 552.7094
113.3375 559.1267
111.7929 560.1515
110.1956 559.6746
108.7651 555.5215
107.4304 547.4861
106.3986 537.2557
105.7795 526.3785
105.3296 514.1279
104.3683 500.2369
103.4761 485.1293
102.6051 469.4275
101.368 452.7752
99.8242 435.6173
97.35136 418.1492
94.39675 401.0395
90.2424 384.4745
83.83994 369.9794
73.10362 359.0285
61.43507 359.3637
51.32032 371.2252
43.52805 390.8482
36.48028 417.6363
28.98686 444.9112
24.06357 479.9476
22.82331 520.605
21.11549 558.4434
20.31115 586.6369
19.32646 605.7582
19.77488 617.0879
19.69406 621.1217
21.26204 618.2169
22.38967 614.834
23.58041 611.013
25.81847 600.5349
27.45548 590.3307
29.80008 578.3951
32.33895 562.5417
34.14936 547.1415
35.7443 532.0065
37.78284 515.0258
40.32962 496.9412
42.60283 478.8465
45.7682 460.5842
50.82685 443.356
56.85342 426.5532
63.10358 412.696
66.705 403.7714
67.18911 402.8846
66.37217 411.3977
63.6889 426.0652
60.29554 444.0504
56.22271 468.6364
51.04604 490.1531
46.10749 515.6863
41.38571 535.8906
37.77441 550.5803
33.64791 561.9586
30.5769 567.7418
27.95476 568.8157
26.45916 569.0043
24.91994 566.2969
24.2783 562.7325
23.56822 558.4146
22.98305 553.1262
22.45313 546.3585
22.25824 539.5554
22.32696 530.5879
22.43213 521.8881
22.8568 513.1855
23.19829 504.4274
23.54214 494.312
23.68064 484.782
23.55512 474.7755
23.88575 465.5776
24.56748 455.2215
25.26025 442.7924
25.07056 431.3893
22.4335 422.7183
17.28031 421.4662
12.02794 429.0831
7.122975 442.8868
2.224193 463.0943
-1.231877 484.8906
-3.83259 506.3209
-5.016983 524.3331
-5.768195 535.5485
-5.724043 543.5363
-4.834945 547.4109
-3.408527 549.2276
-1.133585 548.9232
0.9266179 546.5953
3.109462 543.4568
5.512145 538.5958
20.29959 469.5654
20.96528 465.7806
22.21422 459.4438
23.53471 454.1411
25.01998 447.7718
27.22855 442.0998
29.91567 437.5916
33.23064 431.8301
37.92154 425.8398
45.76086 431.096
58.70657 427.2598
65.43824 427.3675
68.48545 432.2158
69.82604 441.1147
69.34779 452.2339
66.25536 458.6642
62.69814 468.2637
61.48596 480.5466
61.54782 493.6322
60.58805 510.6177
59.19553 529.8497
61.59755 547.3412
64.48452 554.0054
65.98127 554.8079
66.84946 550.9111
67.51664 543.9523
67.60001 535.3987
67.80594 527.0831
67.78642 518.808
68.23073 510.4082
68.87444 503.1121
69.00556 495.0145
68.69499 485.5679
67.68962 475.6707
66.06407 466.1894
64.5187 456.3354
62.55774 445.9044
61.31232 434.4001
60.34987 421.1207
60.38956 407.4441
60.10561 392.7574
57.00105 380.62
52.55248 377.687
47.22954 385.8328
42.82734 401.0243
38.70729 420.0768
35.55468 439.9514
33.85518 464.1425
31.62936 490.3909
30.41941 508.9466
27.75405 529.0886
26.86057 543.4907
26.25376 551.7708
25.53592 555.7062
25.51059 557.2843
25.79605 557.7182
26.42694 553.6951
27.67206 549.1624
28.11211 544.0686
28.94357 539.3452
30.3371 534.2772
31.55673 526.6523
33.23062 516.317
34.65102 505.5961
36.1928 493.162
37.83461 481.8287
39.67598 471.7927
42.2529 462.5287
45.86872 452.6864
49.93146 442.6402
54.65198 433.5684
57.07624 426.3777
56.08341 426.2202
54.59792 432.7159
51.72156 441.3585
48.07835 455.0764
45.00409 471.5613
42.04016 486.6784
38.49387 500.3647
33.88265 516.2793
29.84381 536.3336
26.91594 551.0634
24.91085 560.3312
22.52746 563.2558
21.09793 562.2581
19.28272 557.5831
17.58905 550.7395
16.53998 544.5598
15.84221 537.3198
15.32878 529.8538
15.41426 522.5762
15.69417 514.7906
16.37793 504.7286
17.06668 493.39
17.78618 482.1082
18.59345 470.7108
19.23638 458.4551
19.47194 445.6864
19.17999 432.8103
16.98219 421.2004
12.4129 413.4031
6.133942 413.9418
0.2464432 422.1085
-5.785849 437.0813
-11.29207 456.7904
-15.5492 479.1661
-18.76501 500.7505
-20.61432 519.6295
-20.82428 534.0633
-19.75772 542.9794
-18.33886 547.8407
-16.74455 551.1229
-14.94036 552.0092
-12.5965 549.7317
-10.61773 545.4946
-8.295698 538.9168
-5.972031 531.8773
-3.834417 523.5783
-1.123443 513.2324
1.819684 502.7741
5.051723 494.2373
8.486199 487.3715
12.39587 479.5802
16.8858 472.4634
22.00744 465.8623
27.77516 457.2365
35.3731 448.4254
45.06248 439.9519
58.45121 431.0472
74.42079 421.6457
91.46656 413.7769
105.2622 411.6777
111.8476 417.8147
117.0713 431.7289
120.9925 453.3288
124.6992 483.1971
128.2455 515.1166
128.9045 545.0432
129.8793 567.2975
129.4907 584.5473
128.9459 599.9477
128.4752 608.9821
128.5844 615.3824
128.7288 616.14
129.6519 613.7674
130.3474 609.8305
130.6229 604.5104
131.0141 594.7499
118.0059 591.352
123.4222 575.906
124.3329 564.7236
124.2549 549.4821
124.094 534.2333
124.4415 518.7144
123.9355 502.131
122.4322 483.681
120.1337 462.7286
117.947 440.7041
113.6935 418.3145
106.54 396.7089
93.68232 381.3639
76.63982 375.3621
60.8165 383.9248
42.69603 410.0386
16.85573 459.5142
6.863894 487.2048
-1.678843 524.6819
-6.768796 563.6392
7.648225 588.8975
9.448299 618.9706
12.71784 636.4065
14.37832 652.5191
16.24242 664.5626
16.64443 673.537
17.27241 679.7064
17.68752 679.5328
18.47807 673.2062
19.33163 664.2919
19.9863 652.0997
21.48114 639.9379
20.81078 625.2975
22.52352 608.247
24.31529 586.2275
26.99801 559.7359
30.22977 532.8923
33.41963 507.3961
37.28898 482.1343
41.11063 457.9348
44.37953 436.6917
49.60332 420.1271
55.66998 404.1614
61.27491 390.5446
65.32001 385.5729
67.50014 390.0322
68.09868 403.8022
66.89586 422.5034
63.76781 447.1567
59.79785 471.0937
54.9971 494.6939
50.24698 526.5178
45.59388 560.9155
41.79433 587.5186
38.41306 608.3291
34.61613 621.7205
31.84556 627.1216
28.74376 626.1937
27.05736 618.473
24.75232 609.1543
23.46916 601.3565
21.92998 593.5581
21.47284 585.8429
21.29045 576.0558
20.64857 564.9312
20.728 553.2048
20.52477 538.6486
19.55158 522.4174
18.28037 504.8937
17.43974 488.4377
16.34147 472.5422
15.16581 457.6351
14.46321 442.1965
14.02614 425.2917
12.70061 408.5802
10.44851 393.7139
6.473764 383.7331
0.678889 383.293
-5.833624 395.0592
-12.22961 415.8894
-19.08979 444.6219
-24.59712 477.9104
-28.46637 513.2123
-31.21745 546.5615
-32.13252 578.4139
-31.26282 603.0717
-29.62418 620.1655
-27.26565 632.4361
-24.91924 641.6588
-21.53941 645.0565
-17.61336 647.3748
-13.55855 645.8556
-9.472425 639.0914
-4.477091 629.405
1.555285 617.091
8.439156 603.1569
15.0206 586.5182
21.21278 569.683
27.50219 551.821
33.9968 536.0468
40.75656 519.6428
47.2251 501.9597
53.60474 484.8986
60.49131 468.7463
67.74899 455.1978
76.42786 442.6604
86.4019 432.5447
97.3124 423.4845
108.7048 416.8051
116.8545 415.219
121.2849 418.1477
124.206 426.175
126.3285 438.7905
129.1435 459.7419
130.462 481.5148
130.2145 503.5535
129.6593 525.1609
128.5951 546.2759
128.6067 561.6098
128.0533 575.4171
128.4935 582.5944
128.1894 584.349
126.8483 579.2137
127.0684 572.6911
126.9419 563.4268
127.4108 552.7307
127.2376 540.1108
127.2895 525.7031
127.7082 512.0507
127.6497 498.8706
126.9185 485.3969
125.1431 470.7548
122.4576 454.4207
119.4657 437.6513
116.4433 421.2013
113.1188 404.8529
109.8745 388.0195
105.392 371.0968
96.4472 353.5004
83.56335 342.8986
70.65491 345.7193
58.90745 364.1382
47.46355 391.5055
35.22122 427.554
23.06163 463.8348
17.14647 503.7254
13.65237 544.5884
9.858818 583.6827
9.299782 614.4303
11.44739 635.8697
13.97327 649.872
16.01842 659.6146
17.42096 666.8591
17.8764 670.3474
19.62489 675.4596
20.61258 673.2565
22.14805 667.5391
24.16109 654.8857
25.36395 637.7347
26.57688 623.8575
27.66877 609.7801
28.77724 590.4273
30.29768 568.3981
31.65844 548.1187
33.66158 527.5139
35.63436 507.4791
37.4663 488.1768
38.84757 467.1354
43.79621 450.1751
49.37771 432.7592
53.04 414.4309
54.33362 406.1233
53.51531 411.392
51.77339 424.0594
46.64571 445.5982
40.13339 473.8177
36.55812 510.2089
32.88479 549.715
29.89638 582.7975
26.85597 609.0013
22.84101 630.3584
20.12247 644.8976
17.50748 653.1648
14.47409 658.7413
10.76074 660.791
7.811779 660.7552
5.793019 655.0262
3.419876 649.9225
2.802161 641.9711
0.6253235 632.572
-1.332528 621.5402
-2.339545 610.1033
-2.758509 595.813
-4.383645 584.2334
-5.925372 573.3024
-8.252456 561.7086
-10.43413 547.795
-12.1924 533.4121
-14.14845 519.7266
-16.24163 505.5588
-18.18041 490.6208
-19.90805 473.3654
-22.87551 455.9714
-26.03991 440.5536
-29.99318 430.8856
-33.09599 433.0312
-35.91984 445.4141
-38.41141 462.9162
-42.12471 485.3711
-43.11932 512.6168
-42.32069 544.9619
-40.95152 575.1746
-38.84847 598.1619
-36.38882 616.5287
-33.48752 627.892
-29.34258 635.1932
-24.17782 636.3439
-17.95214 634.4857
-14.38768 628.8456
-10.25448 621.3386
-6.102951 611.8227
-1.063302 598.9642
3.096108 585.9744
8.600396 571.5571
14.11535 557.0428
19.33048 541.8339
25.02972 525.7651
30.96229 511.0128
37.38206 497.2791
44.66708 483.9804
52.20254 468.7657
60.17296 453.9033
69.70115 441.759
81.34175 432.5437
94.36907 424.386
103.8161 420.631
109.9612 421.1361
114.6404 429.8373
114.5678 444.7964
120.8751 467.545
121.902 495.7941
121.1828 529.5225
122.3086 556.7968
120.141 581.22
118.8184 595.5158
117.172 604.7097
116.0275 607.9893
114.7604 607.043
113.3116 603.8701
112.3038 597.1338
111.5593 586.2493
111.1857 575.1115
111.0148 564.9761
110.8861 553.3569
111.1589 540.9401
110.7822 526.2442
109.8969 509.5181
109.1677 493.9005
108.1669 478.1065
106.415 461.2825
103.6854 444.6828
100.0553 428.6003
96.06545 412.9532
91.96091 397.9812
87.21695 383.528
79.69334 369.0373
69.82682 363.1422
60.15554 369.4296
49.5331 387.7162
37.66658 413.2474
28.09651 445.7034
19.5742 482.5774
14.61885 521.2633
11.77412 557.5895
8.721292 589.1082
6.704026 615.506
4.788211 633.2062
4.356051 645.7625
4.226608 652.735
4.280584 655.3969
4.599574 653.9213
5.40859 649.2368
7.233019 638.7422
8.234799 628.3934
9.024307 616.5944
10.53931 604.2698
11.13499 589.0738
12.83946 571.4426
13.32968 555.8321
14.81038 536.8701
15.89225 518.5191
16.745 500.1732
18.43675 482.2598
20.72071 463.3406
22.63996 445.4193
26.93649 430.3685
31.23164 415.4573
34.27741 407.2417
34.53807 410.3264
33.92841 422.7651
31.39288 440.8061
27.45471 465.0921
22.12403 495.5879
17.09368 527.2016
11.22294 555.6432
6.320735 578.003
2.071825 593.3282
-2.681981 605.0311
-5.886077 610.3213
-9.166969 612.6613
-12.20751 609.1394
-14.58104 605.2164
-17.68389 598.9289
-20.66774 591.6588
-22.56623 583.8671
-24.1078 572.4506
-26.10242 560.0404
-27.56185 546.5602
-29.02211 532.361
-30.24232 516.0434
-31.19682 498.3781
-32.62891 482.3844
-33.66954 469.5699
-35.42908 455.4887
-37.19875 439.7178
-38.75917 423.2401
-41.51054 409.5688
-46.89431 403.4349
-52.56717 408.022
-58.42194 422.2975
-63.1023 441.9651
-67.02127 466.524
-69.70744 492.8467
-71.57029 519.0536
-72.16843 540.9236
-71.0462 558.7915
-68.79175 572.2633
-65.50333 578.6506
-61.69101 583.1977
-57.09971 583.2259
-53.24268 579.0541
-48.481 572.1096
-43.07344 563.4744
-38.45296 554.3937
-33.0933 542.9446
-27.91609 531.8599
-22.63278 519.5827
-16.70178 508.0733
-10.82603 496.7498
-4.331228 483.9735
2.510986 472.8065
10.90566 460.2027
20.41876 448.2011
31.86105 436.6634
44.80189 425.8868
58.33696 417.5882
73.02991 410.4258
86.06553 405.3454
93.27485 404.7336
96.73373 412.2642
107.2146 427.4196
111.5325 453.1399
114.4467 467.6956
116.2967 483.9864
119.0762 500.4875
120.248 518.0049
117.4586 532.6863
117.6604 550.3369
117.8933 564.1055
119.4771 572.6615
121.1301 574.4874
121.998 572.3425
122.1125 565.7129
122.7643 557.0637
123.254 545.8542
123.229 532.5538
122.6051 517.7034
121.2837 501.9651
119.5573 485.1053
116.4512 467.643
112.8013 450.4042
109.1692 433.0164
105.1173 416.2413
100.7457 399.0528
95.93723 381.712
89.58613 365.4297
81.07519 351.1398
70.37744 345.7284
60.02884 352.6936
50.31935 367.3681
41.32806 394.4579
30.97185 423.8665
20.58403 448.9213
10.71667 476.7474
2.362828 504.5057
-2.88303 531.9128
-6.973941 553.7072
-7.789798 574.4539
-10.87876 594.551
-15.41307 610.0279
-16.88517 619.3546
-15.99669 622.2065
-14.8244 622.2524
-13.29286 616.23
-10.62297 605.5671
-8.124483 591.7241
-5.417577 578.439
-3.903424 568.6954
-0.6903604 555.7739
2.723155 540.8752
5.645193 522.8629
8.315011 502.7221
11.37839 486.4404
14.71326 471.7326
24.12609 458.7811
35.52024 445.2707
45.35854 431.335
51.33002 419.4682
53.20033 411.3206
52.95068 412.9148
51.05049 423.474
48.27053 438.6487
45.1402 453.9802
42.69246 468.834
38.38151 485.3802
33.43964 503.8701
28.74756 522.2758
25.08855 539.1768
20.74604 553.6983
15.54407 569.1606
10.69412 582.6453
6.187475 594.0568
2.320547 598.1425
-0.908488 594.9461
-4.212733 586.5666
-7.389332 575.7295
-9.721706 562.3006
-11.89708 547.5145
-13.71344 531.5599
-15.11087 515.5259
-16.2797 501.0225
-17.71591 485.6348
-19.0006 469.7102
-20.33392 453.9797
-22.99249 438.8808
-26.70835 423.2184
-31.96686 410.4909
-38.31664 403.0101
-44.59447 405.9298
-49.49628 419.2428
-52.90704 437.7116
-57.25296 462.0239
-59.88058 489.7784
-61.70965 516.0888
-61.5938 538.2073
-61.81594 556.7029
-61.13661 571.112
-59.09461 580.3965
-56.82998 588.8156
-54.40345 590.195
-50.67389 585.6713
-47.09174 580.0515
-42.93108 572.2173
-39.1067 562.7162
-34.0961 550.8041
-30.31106 539.8236
-25.52156 529.3286
-19.64293 518.218
-12.58074 505.42
-5.21798 492.747
3.837576 478.6139
13.93386 463.5814
26.78288 447.7024
42.59554 431.9926
59.30203 416.5967
76.06022 405.7144
89.75084 405.3418
97.54438 413.653
101.3854 430.2644
101.6664 451.9758
99.25465 472.8992
101.6824 503.5682
105.4829 535.1948
106.1146 565.3416
106.5284 593.4485
106.907 618.1389
106.6808 637.0587
106.5685 646.6057
105.8945 651.2968
105.2261 648.4155
105.4058 642.5395
104.8571 628.8571
104.3069 616.196
104.3627 601.4751
105.129 587.4035
105.6838 571.8597
105.3198 555.2051
104.2754 536.7507
102.2931 516.8695
99.54037 495.3864
96.5705 472.0104
93.33561 446.3279
89.60612 420.645
81.20696 395.754
65.09463 375.054
48.58138 372.4658
37.09455 382.8198
14.54938 413.2456
-1.471797 454.4302
-6.376613 500.9547
-10.98794 549.0695
-17.19888 590.1962
-20.81951 627.2688
-20.42363 654.9001
-19.91057 673.6929
-20.39061 690.4406
-17.01502 699.4271
-16.39137 710.7255
-15.81602 722.0521
-15.21807 728.0839
-15.4289 735.3738
-15.67717 736.9079
-16.70392 735.9064
-17.89202 725.6722
-16.58631 704.6865
-15.38246 676.815
-15.11733 643.8467
-12.15082 607.8514
-9.734699 573.8708
-8.03436 546.8757
-5.860542 523.0541
-3.464819 500.6951
-1.884925 482.6324
1.907031 467.6867
6.604817 448.3822
12.70561 423.5424
19.17868 399.2592
21.95918 386.2182
21.02996 390.4749
19.55997 406.7528
15.98816 428.2255
9.091295 461.3929
2.596262 495.2101
-4.308549 526.1077
-10.67192 554.9608
-17.04227 581.2523
-22.42324 603.0908
-27.61681 618.9302
-31.10408 629.4867
-34.45237 637.0823
-36.65523 641.55
-38.09077 641.3264
-39.41611 638.845
-40.96516 631.1688
-41.31872 623.84
-42.4416 614.2748
-42.64924 603.8322
-43.01216 593.0652
-43.47521 580.3215
-43.72703 564.5055
-43.80378 547.5453
-43.63451 529.093
-42.77265 509.2998
-41.63292 488.0919
-40.17913 465.5433
-39.61989 442.7449
-41.60286 422.419
-47.30036 410.8922
-53.37352 413.8737
-59.45901 430.9216
-65.11307 457.4832
-69.37502 493.126
-73.24053 531.9965
-76.28622 570.1025
-76.95766 599.4456
-75.87119 619.7934
-73.92419 633.6486
-70.57154 645.4431
-68.48934 653.4562
-64.61359 658.5244
-59.3139 654.4062
-55.53247 648.903
-50.89942 640.4541
-46.03136 629.3994
-41.52183 616.5963
-36.64776 602.489
-32.7048 587.2266
-28.65211 570.8733
-24.52479 554.8272
-20.5231 539.7198
-15.96322 529.4473
-10.85816 516.4015
-5.45937 504.6598
0.9536754 493.9207
9.759945 485.1714
20.46719 474.7913
32.24067 463.0086
43.5485 453.6222
51.72116 450.8836
57.24843 455.4453
61.38177 464.7195
64.52328 477.8124
66.63573 495.1305
67.39911 514.9657
67.88881 536.7152
67.44117 556.1241
66.98403 571.3985
66.22002 582.5013
65.96783 590.6687
65.64808 592.6755
65.08335 590.6364
65.01482 588.3176
65.19322 584.6154
65.30304 581.81
65.68813 577.8063
65.67233 571.4235
65.47011 565.351
65.15736 556.9838
63.65533 544.0948
63.01992 531.5217
62.27995 518.171
61.02172 503.6176
59.63033 487.5175
57.60327 469.9149
55.55667 450.9656
52.85957 430.9423
46.57076 410.73
34.71096 391.8685
21.75755 387.3818
13.0492 397.0317
-1.308869 419.4196
-15.02546 455.1625
-21.8509 494.6142
-36.47942 546.6714
-33.5812 589.4727
-33.51797 615.6959
-33.16958 634.3577
-32.90442 650.5352
-31.78084 661.0021
-32.3709 671.9423
-31.79683 678.8953
-32.07973 687.2534
-31.29228 693.6126
-29.34083 692.019
-27.62368 688.7393
-25.86296 682.2471
-24.64984 672.5704
-23.95527 656.2919
-21.481 637.3842
-18.97646 617.5906
-16.78916 597.4335
-15.77957 579.4434
-14.88025 560.1625
-13.48564 543.3778
-9.808783 523.5591
-6.895604 503.4402
-1.76479 480.6622
4.350226 464.3707
10.19831 448.6226
13.14258 436.8912
12.00138 437.3774
9.50441 448.781
5.551391 464.505
0.2788768 490.8614
-5.870142 523.3313
-12.49991 562.3105
-19.84656 602.9241
-26.02798 634.8375
-31.78862 659.3596
-36.94084 675.7067
-41.42025 684.243
-45.95087 691.5124
-49.12994 695.1334
-52.27827 694.6
-55.26836 689.6586
-57.87637 684.06
-59.31124 675.6981
-60.96298 666.903
-63.09988 657.1459
-63.52032 646.5203
-64.21293 634.8644
-65.71505 626.0409
-67.08804 614.8879
-67.73434 602.402
-68.98573 588.6402
-70.08883 575.4926
-71.56194 562.2111
-73.0471 548.2703
-74.55286 532.2349
-76.81296 516.0833
-78.50758 498.2025
-79.71181 479.189
-81.24078 464.7789
-82.87529 460.0883
-86.05906 467.8121
-87.78694 481.7362
-89.73559 504.2577
-91.24525 531.2254
-92.27323 559.5147
-92.82101 583.2327
-92.42809 602.6759
-90.22009 617.2491
-86.88321 624.8356
-82.97518 628.1787
-78.26681 627.0125
-72.93249 624.6006
-66.799 620.192
-61.37796 616.6559
-54.3994 608.5138
-48.77898 601.639
-44.00081 594.751
-37.43249 587.0593
-31.92493 577.9209
-24.8128 566.4592
-18.6366 555.0829
-12.13759 543.3671
-5.740678 531.5107
1.591327 520.7526
9.775138 511.8749
19.05769 501.9124
30.17349 490.3766
42.48669 479.1367
56.14369 469.912
67.27104 461.8482
71.97855 447.6458
78.34187 463.0034
81.79881 475.4269
85.71239 493.3805
85.30429 515.1008
83.79534 536.7709
81.73725 553.6017
78.17695 576.204
74.17979 599.6683
71.09039 617.2289
67.89424 629.5073
65.15978 636.6578
62.89106 638.023
61.10685 635.8842
59.69389 632.2957
58.65866 626.2011
58.425 616.9308
58.05255 604.7509
58.41313 592.4763
58.80114 579.2559
58.87595 565.1912
58.1834 550.1462
56.53896 534.7535
54.18372 518.8604
51.5255 501.9814
48.90492 484.6028
45.49367 465.6414
41.88165 445.703
37.1102 425.4798
29.73447 404.9614
20.12672 394.2328
10.20486 397.6795
2.344702 410.6406
-7.465044 431.2961
-17.36651 458.2097
-23.79377 491.2191
-29.72438 525.7496
-33.41312 559.8906
-36.49028 588.2181
-38.59439 610.5552
-36.68857 626.1927
-34.37601 635.6938
-31.99031 640.131
-30.36402 641.9175
-28.70024 641.185
-26.18269 638.3119
-23.95031 635.6159
-21.23979 631.049
-18.96123 624.0979
-16.76734 613.0418
-16.13619 602.3509
-14.44236 587.9636
-11.1354 568.6457
-7.968565 547.4049
-5.448503 527.5526
-1.969617 507.1604
2.701206 485.0154
8.285813 467.9701
15.32341 448.7782
22.2406 429.9866
27.06448 415.9194
29.31549 411.6474
29.44194 419.324
28.43897 434.7293
25.93425 451.3162
22.85462 466.2386
20.00452 489.5833
15.35684 512.1699
7.414659 539.0566
-1.312498 569.8425
-8.177537 593.4272
-14.33697 609.7745
-20.51052 619.9391
-26.34933 624.793
-32.01674 624.783
-37.76407 625.0525
-42.78701 620.0335
-47.52398 612.3904
-52.05766 602.5358
-56.47524 590.951
-60.32509 576.6191
-63.2779 563.5008
-65.87623 551.0089
-68.08029 532.7987
-69.64915 517.1405
-70.62154 501.8981
-71.69725 484.7178
-72.46468 466.314
-73.76575 447.8163
-77.17807 432.3388
-82.7109 420.4853
-87.87074 416.7859
-92.10198 424.6913
-97.38727 442.3611
-101.7222 467.1545
-105.0158 496.2329
-107.7265 525.3127
-109.0551 553.3668
-108.0003 577.4178
-105.9689 595.4017
-102.2661 607.284
-97.44185 616.0325
-95.05365 622.5046
-91.11213 625.6761
-86.31897 628.1356
-80.59105 628.6426
-74.34875 623.8448
-67.42751 617.3099
-60.00268 605.3513
-52.62017 592.4096
-45.73565 579.8989
-37.67196 565.2412
-30.30556 550.9532
-22.98049 539.0701
-15.14976 525.1016
-7.038971 511.8563
1.416329 497.2449
11.35093 485.7304
22.73071 474.2688
36.66635 463.4896
52.29491 453.5102
67.83484 442.7382
81.26787 435.117
88.89854 432.5966
94.05813 437.734
102.4762 449.5472
107.2582 483.1298
113.2959 499.1151
119.1716 516.5735
119.9077 531.2064
121.9478 544.1176
123.1173 557.112
121.8675 564.649
120.2774 570.6676
118.951 573.6547
116.9635 573.0147
115.3614 572.0863
113.996 574.3976
113.0416 574.0458
111.7625 567.676
109.188 556.4675
107.2312 544.4182
104.9276 530.4841
101.715 514.6729
98.14375 496.6296
93.44297 476.6038
87.81496 454.7332
81.8377 432.7928
75.47733 411.9136
68.72488 393.0225
60.94553 378.1087
51.76537 368.4591
41.4342 367.4466
31.98767 375.9062
21.31772 395.2039
10.94222 421.6276
1.593729 446.0195
-6.243857 469.8198
-19.94163 512.1874
-22.69952 547.1345
-34.7413 570.8473
-40.05402 598.6094
-43.13589 624.7006
-44.65893 641.7757
-45.70743 651.6059
-45.40203 655.8723
-44.10202 655.5063
-42.94582 653.9502
-41.8801 650.6978
-40.87812 646.1389
-40.24075 638.3757
-39.86027 627.8042
-39.6638 613.4642
-38.77616 598.079
-36.91248 580.5646
-34.72902 562.2097
-33.21832 542.0805
-31.01945 521.3406
-26.99681 501.1789
-20.45505 484.2235
-11.67612 469.1224
14.34622 437.2545
22.4243 427.3517
25.56478 420.7433
25.28023 423.5585
22.98141 433.7401
19.96099 443.7452
9.159186 474.778
-2.124172 506.9827
-6.272357 522.4324
-13.78133 542.5472
-22.10266 562.5322
-30.31701 579.3751
-37.9207 594.461
-45.88338 607.2917
-55.27916 615.4451
-62.33746 618.441
-69.80479 618.5683
-78.97575 624.7021
-77.16476 622.8482
-80.73684 617.777
-83.86407 609.317
-86.61919 597.952
-89.44332 583.6034
-91.12077 566.4058
-93.168 547.5281
-94.42715 527.0031
-95.408 508.1057
-96.54365 489.7325
-97.34385 468.5593
-97.77218 446.4062
-97.84109 424.7694
-98.9669 406.9576
-102.8774 395.2179
-109.8768 397.1051
-118.2811 410.5578
-125.9007 432.8542
-133.9374 460.0872
-141.6797 491.9456
-147.5315 523.0084
-151.2852 549.939
-152.0691 572.7393
-151.2075 589.8505
-148.5256 599.2108
-147.0108 606.8331
-145.1449 612.1344
-140.7697 611.5623
-136.241 606.171
-130.1195 595.9323
-125.8785 586.6403
-120.29 576.7527
-114.3122 566.1205
-105.8416 552.2859
-97.09903 536.1121
-88.44783 526.1942
-79.30882 517.5263
-68.49182 506.9622
-55.69954 495.552
-39.40383 483.3806
-20.8078 472.4687
-0.412433 462.4779
22.92539 452.4167
45.99808 442.5348
67.52667 434.1827
85.64423 430.4979
99.0753 432.59
106.3634 436.7394
111.2489 448.6207
116.0725 464.739
119.0239 495.641
124.8937 529.6379
128.6481 565.7369
128.7141 593.9614
125.9008 615.4981
123.7633 624.6328
121.2372 634.638
118.7879 640.8429
115.8856 644.6204
113.985 644.6237
110.952 639.7569
110.0274 631.695
108.709 621.5039
106.8425 609.0811
105.538 594.4214
103.8764 578.8472
101.9361 562.5021
98.98866 545.1813
94.68875 526.4042
88.72282 507.0056
80.97491 487.0905
71.84299 467.1012
60.98505 447.8143
47.85299 431.9867
32.15601 421.9614
13.9515 423.5092
-1.323427 439.2888
-16.13699 464.6696
-35.81621 516.5344
-54.17947 562.1403
-54.59103 583.4211
-60.27156 607.1294
-70.26289 635.8298
-71.76526 652.883
-73.01371 672.9389
-71.23507 693.2216
-68.28508 716.2133
-67.92902 740.4965
-68.78991 761.2659
-71.22213 778.4637
-73.29863 789.3166
-72.60703 789.9382
-71.40483 787.9821
-70.75514 779.54
-70.27824 761.0745
-68.73824 734.6324
-65.04524 702.292
-60.69689 660.7069
-54.96347 613.7781
-48.88336 569.4453
-45.10163 537.0042
-41.6016 515.5538
-37.5192 496.1346
-34.64177 477.8041
-29.09543 465.1454
-23.40251 452.903
-20.19453 452.7178
-21.15579 459.6895
-24.51874 477.1882
-28.2991 499.8117
-32.51444 535.8796
-36.99844 568.8887
-43.26912 600.84
-50.53553 630.9009
-56.56652 654.613
-63.10334 671.8542
-69.7475 685.9357
-74.14931 692.8144
-78.16837 696.5443
-83.73273 699.2163
-86.83661 693.7041
-88.68108 683.6053
-92.34839 669.7647
-95.91478 654.0774
-97.32605 636.228
-98.70606 615.3522
-100.6533 599.5253
-101.8186 582.9344
-103.4435 562.8874
-105.2431 546.0742
-107.6612 526.8266
-109.8807 507.0748
-110.7048 485.7089
-111.4097 462.929
-112.2569 440.6416
-113.7868 420.6113
-116.0985 405.3096
-121.3042 399.3833
-128.2281 407.5096
-134.8598 427.3304
-142.5608 456.5492
-149.329 491.6646
-155.2623 530.3111
-159.161 564.9194
-161.583 596.782
-163.8073 627.0856
-164.1824 654.0867
-163.0773 674.3152
-160.3893 688.1939
-153.9201 693.1581
-147.5439 692.343
-140.0923 689.6175
-133.6855 685.6704
-127.3175 680.103
-119.5875 670.791
-111.5576 660.05
-104.9462 648.5468
-97.08422 631.9402
-89.00059 614.0267
-80.17668 594.4925
-72.60224 573.3564
-61.89921 551.312
-53.2501 531.0293
-42.80857 510.8912
-32.23398 491.3901
-20.7288 473.5576
-8.411497 460.5891
4.806637 449.7534
19.73994 439.489
33.24476 432.1893
44.09844 430.9725
51.14412 434.5123
54.87423 442.3282
56.60006 455.4585
58.02775 476.4418
59.08927 500.8536
58.74698 521.8558
56.00263 546.7136
53.77236 565.0116
51.84227 577.9589
47.97033 597.2159
46.27777 612.2864
46.45333 620.4963
47.58232 623.4105
48.63435 622.0954
50.39773 615.8057
51.4898 604.5991
52.48948 589.2751
53.8144 574.1299
54.8491 558.1888
55.11955 541.6836
54.32209 524.438
53.20345 505.2269
51.39502 484.5576
49.07396 462.5271
45.72825 440.2453
41.36635 418.5445
36.29174 398.4508
30.86723 381.1004
23.11827 368.3672
14.07069 364.8988
2.664757 372.2632
-10.06813 393.0804
-20.48316 417.1233
-39.59941 452.1659
-49.71435 501.6661
-65.13992 554.957
-66.12576 589.2344
-64.98648 624.9096
-64.72225 657.3287
-66.37023 686.378
-66.88963 713.265
-66.44322 732.6661
-65.41053 748.1007
-60.65277 759.037
-57.35111 763.0732
-53.77263 760.787
-50.34885 752.8485
-45.11101 737.5917
-39.70041 714.3621
-35.3479 683.5869
-30.4827 647.2409
-25.09645 609.8649
-20.62672 570.5129
-16.65701 537.461
-12.56613 511.3847
-8.485093 490.3195
-4.250161 473.1332
0.3867573 455.4472
6.712793 437.5578
13.95273 422.8763
20.5267 411.2279
24.29049 407.5075
25.3243 413.6883
23.62061 423.3478
20.07784 434.517
8.183081 467.26
-5.147853 509.1552
-6.599677 541.2971
-15.20784 573.8394
-20.85836 590.1315
-27.62893 607.3259
-33.24758 622.8734
-37.9276 634.5127
-41.93277 642.7371
-46.2201 647.8155
-49.6972 646.317
-52.79141 641.5297
-54.59501 633.1987
-56.79628 622.518
-58.01674 608.5833
-59.53665 593.3054
-59.77946 575.0775
-60.65611 557.7036
-61.38603 537.7582
-62.38988 517.8237
-62.42157 500.9557
-63.50286 482.9174
-65.0711 465.4529
-67.19671 446.3804
-68.79742 428.6284
-71.58305 414.0204
-76.08405 407.2932
-81.15354 412.3068
-86.02627 426.6357
-91.63469 442.7374
-97.40418 463.5895
-103.1154 486.4437
-103.1422 511.9147
-103.7423 544.8696
-104.1126 579.0676
-105.0763 610.5462
-103.971 632.6388
-101.0438 643.3245
-96.66582 646.8774
-92.31238 645.7988
-88.3119 640.5773
-82.42377 630.2644
-76.10667 616.9526
-69.62894 601.3839
-62.77573 583.8984
-55.11701 564.3727
-46.35335 542.7406
-39.12356 522.7439
-29.7049 506.5684
-18.94638 489.3086
-6.676661 469.6248
7.196817 448.5842
22.95242 431.2493
40.51848 416.4544
58.7571 404.7003
74.98672 400.9813
86.80371 405.4653
95.37285 415.4957
98.52087 430.5106
101.3154 450.1008
106.654 475.0284
111.1264 501.501
112.5679 526.1838
111.6793 551.0098
110.6559 571.5665
103.8663 587.1194
104.8461 595.8698
104.3189 603.3353
103.1277 607.8695
100.3534 610.301
99.4427 607.9409
100.6023 600.2464
101.8285 587.9656
103.5401 573.7845
105.0558 556.3869
106.3858 539.1744
107.6184 522.2784
108.2614 504.0856
107.502 483.4199
105.737 462.489
103.6279 441.043
100.4777 418.7537
96.30618 396.2451
87.87769 376.5033
74.89246 361.4694
60.95722 360.4826
50.80226 371.4078
42.53852 386.7204
24.85632 427.0584
12.47712 477.9605
8.540685 508.5725
7.011775 541.5282
4.287039 581.1209
1.72776 616.077
-0.0217189 642.1822
-1.272588 663.0574
-0.5803425 675.1893
0.3319514 679.4073
1.720555 678.643
2.698193 674.4735
5.054174 664.8195
9.078351 651.4393
11.8982 635.7795
13.67858 617.2429
16.91719 598.8334
19.97697 580.5386
24.55792 556.4971
29.14518 542.4252
33.79554 529.927
38.40611 517.0883
43.14437 500.5266
48.32793 483.188
54.10898 465.2892
60.89994 447.5089
67.42001 430.8478
69.66438 418.6103
69.24212 412.0811
66.43321 414.4391
63.41 420.4116
60.66076 431.0097
53.76224 455.8791
49.13614 485.1727
42.57031 511.5938
37.05404 533.3018
29.93744 562.9775
24.13384 589.8547
19.81379 607.8579
15.06799 617.7889
10.45189 619.5385
6.161453 613.7125
3.295161 606.0096
-0.02867105 593.0457
-2.789319 579.0566
-4.462314 566.0066
-6.696062 548.5012
-9.324602 532.3403
-11.37376 518.6148
-12.78507 503.4058
-13.56357 485.471
-14.11252 466.1198
-14.48303 446.0662
-15.06791 426.3282
-16.01277 408.2071
-17.83734 391.023
-21.66393 378.6144
-28.62345 373.5181
-34.71782 380.8261
-40.49548 398.0004
-46.20637 421.9326
-51.15857 449.5468
-54.10243 477.8267
-55.61828 505.6308
-56.0235 530.6911
-53.83162 548.6724
-50.44129 563.5355
-47.21395 575.8217
-42.62525 581.7117
-39.16768 584.6088
-35.23183 583.1888
-30.1794 577.0463
-25.84261 570.0496
-21.48764 562.8209
-16.05151 553.3586
-10.71141 541.0776
-5.202013 530.476
0.7902468 518.7292
7.753952 504.0746
15.18865 487.7315
23.40366 471.8924
32.24111 455.6443
42.13131 439.6442
53.41806 424.6815
66.4668 409.6559
80.84118 395.5905
95.38163 386.3639
108.5676 385.0809
117.9383 390.747
123.6944 404.654
124.9295 416.7276
125.07 431.0164
120.1228 454.8277
121.2897 479.7998
122.7209 504.2154
122.6725 525.0052
121.5516 542.5523
119.7204 560.6166
118.6843 575.7532
118.2807 584.4678
117.8338 587.5616
116.9842 585.4576
115.8611 576.1936
115.0517 563.6598
114.1406 548.3033
113.0443 530.9358
112.0236 513.0663
111.155 497.5054
110.4741 481.3863
108.8469 464.1196
106.9327 446.4754
104.6838 427.7382
102.1908 407.4943
99.24582 387.3235
93.76071 364.7873
84.76317 346.2074
72.95822 339.9141
62.76619 348.2303
53.34279 365.1568
42.62859 393.1869
33.23692 421.9944
26.63237 454.2995
18.69991 491.5695
15.10272 526.7431
14.55756 564.9692
13.02364 596.8311
11.87097 621.4874
12.60505 636.5644
14.91841 640.0779
15.86089 639.917
16.7298 638.76
20.48891 633.4421
23.12609 628.973
25.32347 619.1654
27.17783 604.4432
27.97285 591.2275
29.7149 572.9939
32.00063 548.5672
35.6771 530.5621
39.55607 508.758
43.86403 482.0157
48.84245 452.9133
54.17566 425.1413
60.9096 402.2274
68.11416 383.9382
74.93436 372.8368
78.47246 369.1907
78.68228 374.941
77.32957 389.2563
73.95264 407.6124
69.6064 424.2964
66.37888 449.2308
61.0122 474.4631
53.92456 498.3606
47.70015 522.4172
39.99406 553.2419
33.37349 580.0214
27.54116 598.006
23.50821 609.2872
19.09511 612.2422
15.7284 607.722
11.51312 596.6069
7.993412 585.3488
5.458108 573.844
3.204107 561.9286
0.9322239 547.5157
-1.237539 531.4409
-3.813093 514.7042
-6.285027 496.3632
-8.776211 476.7719
-10.24498 455.919
-11.65691 434.9992
-12.19216 413.5122
-13.08123 393.0652
-15.11749 375.4717
-20.30553 363.7702
-27.81816 362.7412
-34.70832 371.8401
-42.14988 392.6438
-49.56721 419.673
-55.67638 451.121
-60.16246 484.6747
-63.86842 517.5558
-64.62556 546.876
-64.12935 569.2593
-62.05096 585.6452
-61.50823 598.6584
-58.6944 605.8745
-53.35625 606.3031
-49.25769 600.4366
-45.31601 593.7316
-40.08506 585.2759
-34.63262 572.1876
-29.0379 553.6627
-22.88757 535.9999
-17.07186 521.8732
-10.97375 507.6383
-5.078813 493.5389
1.712415 477.9785
9.835732 460.6678
18.6311 442.0348
30.00355 423.4881
44.62482 407.0464
61.1109 392.273
77.44316 381.7193
91.647 378.9168
100.7047 384.2511
106.7959 399.9321
110.147 414.2598
114.6103 441.7841
117.557 470.7128
117.0448 496.2761
116.2866 523.4965
115.2595 545.0739
112.4117 561.7876
109.688 581.9534
106.5747 597.75
106.9728 612.3742
106.0475 618.1155
105.5446 618.1764
105.4265 612.4556
105.0777 599.8621
105.4891 584.8067
105.4507 566.7506
106.001 549.7006
106.4805 531.6725
105.5147 511.705
103.7994 489.5742
100.7966 465.1967
95.89814 439.5492
89.34216 413.146
80.86061 388.5958
69.73997 370.0415
55.80631 361.2633
42.87211 367.4055
30.5494 389.1025
19.05499 419.5031
9.364862 446.5376
1.174674 474.149
-4.839195 501.6898
-9.075942 537.4284
-10.90098 573.5665
-8.889921 606.514
-7.578407 631.6641
-5.635264 649.4875
-4.6434 663.6151
-2.611264 671.1594
0.3791614 673.4007
4.228631 672.2345
7.299296 663.0829
10.14489 651.9113
12.74765 636.2139
15.06962 616.3113
17.64561 594.7547
19.69498 570.5392
21.59844 545.4858
25.39339 526.4011
28.93308 504.8408
33.88408 480.6346
39.61968 454.5239
46.08451 427.1135
53.28872 400.3766
60.34456 378.6811
64.72997 365.7445
65.85847 366.321
65.0203 378.3836
62.6009 395.1141
57.37665 421.9178
52.08554 448.6075
46.50048 473.6714
40.31744 499.1022
33.291 531.325
28.6827 560.801
23.59969 584.9816
19.12528 601.8147
14.77139 609.6734
11.03853 611.7992
6.848232 609.6433
3.805897 602.6223
0.6587507 590.61
-2.343585 577.6296
-5.009367 562.4907
-7.064354 548.8104
-9.115997 533.345
-11.2496 516.7501
-14.1175 498.7812
-15.82783 478.9157
-16.99913 457.739
-17.98672 435.9168
-18.55062 413.5479
-19.27487 392.1946
-20.22336 372.4603
-23.55262 355.7249
-29.40435 349.3643
-36.18918 355.8654
-43.27697 372.4705
-51.06768 397.5047
-59.1578 428.8043
-64.71689 450.5327
-68.47269 471.2495
-79.13235 501.302
-70.98853 530.8976
-70.40873 548.8443
-69.12599 563.796
-66.3935 578.4342
-64.20773 590.0957
-61.74991 597.8225
-58.62593 601.2147
-55.30486 599.5236
-51.74235 593.4366
-46.85474 584.7831
-41.80674 572.3386
-35.92817 556.3606
-30.48394 538.857
-24.17974 519.2449
-17.48769 500.7383
-9.852685 481.7143
-1.575609 461.4772
7.454228 441.4412
18.25708 419.2279
30.16741 399.3901
43.13751 382.2327
57.75484 367.253
73.05193 356.4049
88.18272 349.9322
99.62321 351.8401
106.469 363.5158
109.5475 379.4102
110.2953 396.1809
107.7531 419.037
105.2645 439.7927
103.6126 465.4561
100.901 489.3606
98.60617 510.8229
96.39838 527.855
93.61883 538.9019
90.61211 543.9337
88.01635 546.1553
84.77804 552.5445
87.62613 550.7092
89.54086 547.2288
91.15004 538.907
92.57207 526.5468
93.49984 513.1118
93.71842 497.4902
92.89825 479.8033
91.2167 460.8483
88.88367 440.8096
86.07157 421.159
83.06334 402.2587
79.86053 384.753
75.92888 369.0628
70.41098 355.2262
63.07905 345.3634
52.79013 340.6238
41.13355 346.1978
30.18647 361.4584
18.0554 389.674
8.644203 421.7731
-1.255136 454.2343
-12.13481 491.4991
-22.55313 534.4903
-19.40521 559.4581
-18.96241 594.1158
-17.17538 609.3845
-16.68477 619.0869
-15.72648 628.5505
-14.93988 634.3726
-13.80001 638.0862
-11.53354 641.4955
-10.23942 642.0056
-9.102291 637.7295
-11.56311 631.7581
-14.31232 624.1086
-4.894253 606.2614
0.68591 572.5077
3.58928 550.9625
5.684056 527.9128
7.458617 505.6874
10.4317 484.426
13.40372 463.6901
17.17795 443.0602
22.55943 423.8012
27.49545 407.6126
32.92714 392.1971
38.57087 380.2313
43.53761 370.9727
45.37757 365.7665
44.62787 370.2575
42.2176 383.7263
37.96661 399.418
32.47127 420.0273
27.72694 437.1576
17.91632 472.125
7.970816 502.5135
1.569243 520.9976
-3.627793 539.6
-11.61566 564.364
-16.26604 582.4025
-19.41681 596.422
-23.43731 603.6843
-25.92703 603.3677
-28.84594 596.8724
-30.78239 587.3371
-33.28283 575.8802
-34.98874 562.7217
-36.61625 548.1088
-38.44681 532.6793
-40.84799 517.8239
-42.86876 501.1835
-44.41673 485.0407
-45.48164 465.6541
-46.04889 446.7765
-47.12371 425.4172
-47.5714 404.7939
-48.06252 385.3434
-49.12795 368.78
-52.95208 356.9792
-61.07162 353.3846
-69.75072 363.3235
-78.37939 385.3226
-87.11137 416.6747
-94.42083 449.4017
-100.4558 482.0125
-104.4308 510.8156
-106.3926 536.65
-107.4082 559.9932
-106.7772 579.5593
-104.1745 594.5059
-101.7471 605.5026
-97.91366 610.819
-92.98299 612.8698
-86.81034 611.1017
-79.99887 606.0016
-73.42518 598.6717
-67.18643 589.6848
-60.92221 578.4377
-54.30758 564.1008
-47.47284 547.049
-41.13132 528.1743
-34.41245 506.9276
-27.39038 485.8056
-21.029 466.9245
-13.53803 447.7479
-4.411542 429.9885
5.624812 413.3252
17.51427 397.1592
31.14224 382.4995
45.72754 371.4196
61.19438 362.4753
75.6389 359.9448
85.16352 367.9411
90.78098 383.9395
91.62022 398.1843
92.03302 412.7808
90.66084 428.5692
89.37629 447.3229
87.99 468.0402
86.27081 490.2013
84.79711 511.2581
84.5122 527.3715
84.93439 538.4451
85.37773 545.6227
85.58645 550.5573
85.56733 554.6414
86.75666 556.6955
88.6619 555.3589
90.44539 549.5262
91.85427 539.2404
92.12008 525.3411
91.60802 508.6299
90.54699 489.4447
88.81927 468.1368
86.08591 445.4534
83.01601 422.6452
78.68983 400.5701
73.28543 380.5734
64.43258 365.322
53.29933 360.8555
42.44667 369.6428
34.73263 383.1723
24.1493 408.9621
15.88646 439.465
8.340826 475.4271
3.651129 506.8098
-1.263446 540.2429
-2.384514 565.2579
-2.453756 583.6205
-3.234187 594.1119
-1.672869 601.357
0.09806699 606.2636
2.807952 608.1893
5.520953 605.2761
7.386024 596.3337
8.396862 585.9708
9.950866 574.6678
10.4393 562.6884
11.09655 547.779
13.22655 533.2128
14.57512 516.82
18.06528 497.6635
21.79375 476.427
25.88026 454.3727
30.72751 433.6621
36.09077 416.8546
42.63636 405.6147
49.45638 394.8002
54.5182 389.2189
55.30743 390.3147
53.76425 401.119
50.87159 415.6691
47.78148 429.0525
42.42628 459.9509
32.47514 503.6389
26.18342 531.3062
19.94171 551.9571
13.64285 571.1941
8.593346 587.483
3.892524 600.3992
-0.7331468 611.0331
-4.718727 615.8693
-7.972427 615.5447
-10.9943 612.3276
-13.93615 606.4858
-16.36003 598.3813
-18.58384 588.2905
-20.88656 576.0605
-22.83036 561.7826
-25.10111 546.3065
-26.49412 529.0909
-27.48727 510.5794
-28.33998 491.5841
-28.60561 474.6133
-29.03476 458.222
-29.75953 437.9233
-29.76922 417.898
-31.63244 401.3669
-37.73244 391.5861
-45.78949 393.4509
-55.76373 408.5583
-64.54759 433.5125
-72.78543 463.2199
-79.12181 494.4585
-83.99506 527.0093
-87.57283 557.7698
-88.49219 582.187
-88.00011 598.8952
-86.36752 612.7848
-83.91262 620.829
-80.27628 623.5264
-75.51903 622.4924
-70.17776 616.3275
-63.31264 605.9883
-56.9028 594.6792
-50.93163 581.5168
-43.6595 565.7369
-35.67501 549.951
-26.69266 532.8434
-17.2079 513.8585
-7.266733 493.6288
3.097732 472.6664
14.14568 452.1157
25.71515 433.3999
38.9995 417.8535
54.05309 404.363
70.8544 392.3068
86.73538 383.5161
99.56123 383.1125
108.1819 391.074
114.0258 408.286
117.8003 426.9377
118.3801 447.9937
118.5748 469.3923
118.1126 490.0926
118.0173 508.931
115.0888 528.9319
112.0978 542.375
109.6865 555.4236
108.2224 565.4688
107.0876 576.5472
106.8375 584.5201
107.2927 588.506
107.4901 586.5889
107.3463 579.5711
107.821 569.5553
107.554 554.6758
107.5232 538.4378
107.6982 521.4297
107.2968 503.0127
106.2806 483.5786
104.0326 463.0222
100.6744 442.0598
96.72801 421.2178
92.66753 400.5166
88.59795 380.7007
83.85464 362.7421
78.06654 348.1415
69.43121 337.671
59.43718 336.9596
50.73435 348.9063
42.31058 368.9055
34.14933 392.9564
24.54419 425.2119
14.30283 457.7012
6.182368 490.7824
-4.493472 534.6449
-2.520227 554.4687
-2.230202 575.2869
-3.770937 600.6357
-3.605144 621.6559
-3.65535 635.9102
-3.774846 646.4127
-4.279006 651.9734
-3.634687 650.5371
-0.9955428 638.7268
0.1569357 621.5331
3.329347 603.7932
6.033864 582.321
8.405456 558.7842
11.57728 534.6171
15.09233 508.7076
20.03765 480.6367
25.95408 452.17
33.24866 425.6156
42.39872 398.7301
48.87477 377.3524
64.53612 400.3604
65.1535 402.7608
61.74887 410.3708
57.29844 426.0639
51.11288 445.3336
49.74208 470.0491
45.45538 496.9601
38.84475 523.0126
28.86421 552.891
20.56759 579.9896
12.87542 602.8029
6.592006 616.2739
0.517571 624.0954
-4.853031 623.4692
-9.21132 616.7911
-13.57083 608.1229
-16.95442 596.8251
-21.21893 582.5499
-24.76714 566.7806
-28.10806 549.8603
-30.08809 534.1236
-31.96637 517.649
-33.72153 497.2325
-35.02324 476.0182
-35.30917 454.2202
-35.4453 431.802
-35.40435 412.8366
-35.59706 394.4571
-36.35363 374.956
-38.47825 359.8485
-44.96497 353.084
-52.90372 357.8822
-61.61612 375.7498
-71.59071 401.5208
-80.74624 429.5666
-88.85921 459.0901
-94.93945 486.9047
-99.69738 512.7963
-101.5548 535.9587
-102.0931 554.8276
-102.4833 569.6322
-101.4062 579.0391
-101.2381 585.1873
-97.25886 586.3951
-93.1943 582.8507
-90.98596 575.968
-86.06438 567.3853
-80.14428 555.1761
-75.39697 540.8981
-67.93233 524.4916
-60.82146 507.7491
-55.08789 490.7037
-47.41905 477.5996
-39.22957 465.7767
-29.91025 454.0204
-19.47361 442.5164
-7.115187 430.6617
7.975909 418.5958
24.51603 406.9752
41.46522 398.7244
57.97117 399.2508
71.1793 405.5385
78.6013 411.8109
81.52702 421.9435
83.1627 442.1948
85.97118 468.7826
88.64622 506.5913
87.18166 540.3468
86.84274 558.8524
84.76536 577.0342
83.23203 595.9721
82.59616 610.5398
81.55578 622.1421
81.16745 630.4056
80.92155 635.7492
80.35933 639.0901
80.87817 640.5041
81.3904 637.1786
84.48988 615.4194
82.36214 596.1919
81.0961 569.7361
81.28667 552.1203
80.99887 531.714
80.27297 506.2886
81.35841 484.4167
82.40129 463.6837
80.8167 443.4948
73.43746 426.4996
62.32079 418.9616
52.59734 423.1352
44.69212 435.9193
37.46445 454.4029
30.74784 488.8404
24.47596 529.5915
19.29917 571.6822
15.36759 608.7346
13.04313 633.891
11.40004 651.9263
11.34073 665.3192
10.98086 673.3315
11.28887 675.2621
13.79924 671.4056
14.45351 666.8268
15.03216 666.2148
15.83782 666.7787
17.61849 664.1133
18.97054 656.5745
19.74863 647.2066
20.73101 634.2346
21.1356 620.4597
22.16548 602.9962
22.43209 582.0228
24.2563 564.0256
26.27561 543.5785
28.32303 521.1707
30.18897 498.8242
32.71825 475.1982
37.37282 453.7877
43.27149 432.6807
49.7594 412.3467
54.84375 394.3517
56.21469 385.5011
55.69244 388.4973
53.97737 401.38
50.39932 417.9221
46.03074 436.723
40.47953 459.2569
35.15079 485.6028
29.70218 511.7909
25.52682 532.1169
22.27227 546.61
19.8321 555.5816
17.74155 559.428
16.53342 559.8828
15.12101 559.5601
13.85402 556.806
12.67192 554.2222
11.98901 549.7228
11.10411 544.226
10.03223 536.3644
9.520988 526.8014
8.670779 513.6495
7.91197 499.8591
6.583704 486.4709
5.296184 471.812
4.487839 456.6238
3.95484 441.6064
3.403877 428.0725
2.756835 416.1516
0.7398352 406.9488
-3.295487 402.5189
-8.324602 404.9058
-14.23198 416.6037
-19.4457 434.5742
-24.48799 457.6855
-29.23248 483.7322
-32.78248 510.4552
-34.43649 539.0068
-34.89039 562.1766
-34.83548 582.4788
-34.01276 598.0135
-31.73846 605.5895
-28.61726 610.9409
-25.68762 612.8201
-22.44427 611.93
-17.20055 604.076
-14.19676 597.4824
-10.09682 588.9706
-6.389151 578.241
-0.6995348 563.8445
4.634239 550.2015
10.40959 536.8424
16.39983 522.7971
22.92152 509.4901
30.07031 494.8178
38.63378 479.5797
48.56507 462.6572
59.44249 445.8721
71.72848 429.6423
82.51096 418.2865
88.80741 413.7451
91.4456 414.2744
91.43188 419.6627
90.27525 429.0799
89.96766 444.3818
90.09042 461.4358
89.84071 478.5811
88.92201 495.9107
88.14014 518.0544
87.9778 536.4621
87.74882 549.2264
86.7458 555.0575
85.52547 556.0563
85.00366 552.3625
84.38194 546.2296
84.01626 538.4739
83.65205 527.933
83.09595 516.0114
82.28999 503.284
81.4987 491.9919
80.47198 480.6541
79.12891 469.0258
77.4808 457.4791
75.77901 445.8082
74.06748 433.5644
71.6638 421.3145
69.07462 409.743
65.15702 399.2928
58.73897 391.3376
49.72054 392.6143
41.4302 404.0181
30.82407 420.9946
20.66476 447.7386
12.58525 489.3426
3.128274 534.9628
-1.225796 566.3089
-0.8662596 596.7653
-2.181995 621.9659
-0.5054183 640.4652
0.5244566 653.0517
0.4485038 660.7583
1.719085 664.5096
3.812348 664.506
6.065642 659.3062
7.392774 655.6245
9.461169 646.7954
11.50989 635.7349
13.02498 623.8345
15.33344 609.604
17.6872 591.947
19.57251 571.4526
21.30578 549.2784
22.94399 527.8858
25.68425 507.4837
28.24099 488.58
31.09848 471.096
34.69601 456.2053
38.33063 440.1585
43.47935 428.2861
46.34122 419.3434
46.21756 417.8737
44.86835 425.0614
42.22154 438.5673
38.91309 454.5666
34.76115 473.134
29.459 496.4232
25.44305 517.1285
22.17198 534.4951
18.45111 547.6403
15.70505 555.3272
13.1453 559.7006
11.21476 558.5132
9.736575 554.4036
8.303961 550.7188
6.59476 544.9736
4.917366 538.4442
3.510277 530.8526
2.391053 521.7483
2.092301 511.7577
1.731566 499.5365
1.411314 486.7337
0.6951504 473.8573
0.5795868 459.5271
-0.1174051 444.1383
-1.597777 430.6233
-4.634053 418.7929
-9.997215 412.7152
-16.99049 414.8539
-23.42374 427.5638
-28.49317 444.8804
-34.01667 467.1412
-38.27938 495.3543
-41.35212 525.5146
-43.22499 555.5502
-42.60824 579.2324
-40.83063 595.3989
-39.57892 608.5134
-37.58634 619.1969
-34.63718 624.5856
-30.65763 622.381
-25.33323 615.5663
-20.65142 608.0025
-15.79768 596.8672
-10.65653 584.2717
-6.220156 571.0962
-1.873096 557.6445
3.044432 545.6623
8.909775 530.5433
15.58082 514.0264
22.59175 496.3228
30.07338 479.984
39.43163 462.5449
50.12265 447.7604
61.09473 436.8033
70.98341 428.53
77.62717 424.1432
81.91332 424.9546
84.0479 433.9679
86.30316 448.7187
85.55615 469.315
85.71712 488.9101
84.75477 507.3979
84.43022 525.4399
83.23151 538.2599
82.5338 546.0028
82.16125 549.67
82.19067 550.4969
82.62978 549.1715
82.7494 543.1664
82.68066 535.5287
82.7077 526.3893
82.24609 515.4197
81.3286 503.0668
80.26221 489.0511
78.17598 474.3615
76.72465 462.6105
74.65195 450.386
72.41873 438.1534
69.957 426.492
66.85012 414.5032
63.79291 403.3031
60.48189 391.5204
55.71772 380.6276
48.86777 375.7216
39.99081 377.6442
31.47573 388.5189
22.06621 410.597
15.13307 433.2286
6.140375 468.4824
-0.8380173 505.1713
-6.620227 540.0016
-11.34644 573.2988
-14.65303 601.0489
-16.34194 622.2079
-17.2178 639.2528
-16.7823 649.9505
-15.50348 654.0985
-13.8533 653.8802
-11.46874 651.8431
-8.189846 647.1002
-5.10343 635.0602
-2.168671 622.6413
0.5488411 610.0799
2.58733 596.9807
4.161822 582.3201
5.452293 564.0559
8.084454 543.0216
11.38711 518.7699
14.43481 493.6712
18.87176 476.5846
24.017 457.2515
29.34212 437.1989
34.87449 417.9848
39.98526 402.0203
42.72317 392.7718
43.35331 393.0575
42.95324 404.6606
40.83668 420.6681
37.28613 441.189
32.78127 468.9886
26.7342 498.5812
23.32776 515.8126
17.60975 539.9109
12.35338 563.6166
8.051028 582.8352
4.115372 596.1378
0.4799383 603.2423
-2.25488 603.1656
-4.897369 600.0905
-6.936338 593.5719
-9.350275 584.316
-11.52931 573.1168
-13.24455 561.2172
-14.6988 549.3336
-15.65542 537.4203
-16.42542 523.0488
-16.61324 508.7776
-17.06336 493.9599
-17.85892 478.1006
-19.02938 461.2738
-20.75782 445.0449
-22.3155 428.704
-23.46038 413.3873
-25.19398 399.4312
-29.01013 387.3509
-35.81815 382.8163
-43.5047 388.8788
-50.35392 403.7632
-57.28312 424.7868
-63.40318 450.1882
-68.38801 478.8431
-72.32268 510.8717
-75.18186 542.4507
-76.05257 568.2017
-75.6733 586.7857
-73.70596 601.428
-72.11718 611.6649
-69.05346 617.1099
-65.28843 617.147
-61.82809 614.0968
-56.62621 606.7532
-52.01999 596.7288
-45.2166 585.0055
-38.29327 567.9131
-31.52313 549.3994
-24.76992 531.4915
-17.54161 515.241
-9.684298 499.6686
-2.630295 484.8183
6.215808 468.3717
16.34416 454.0498
27.93064 438.4781
41.33159 423.4978
54.71164 410.3398
68.42197 401.5334
79.31448 397.7986
86.34219 400.6565
90.14553 405.9291
89.46417 417.1125
87.37906 431.5766
91.75124 452.8913
96.55648 473.6116
95.25494 490.8994
94.70922 509.3606
91.7089 529.7456
90.17337 547.8994
89.84138 560.5022
88.87463 565.8383
88.23515 563.8633
87.12849 557.631
87.00085 548.988
86.85179 537.9257
86.98113 525.2098
87.09775 510.9932
86.86964 495.6264
86.07663 479.044
84.82597 461.5964
83.37859 443.3689
81.33718 424.9105
78.70985 406.9914
75.03543 389.7212
69.54955 374.1531
61.18571 363.8635
52.02412 363.1887
43.32694 373.5079
35.98642 391.2633
27.83328 414.5152
18.79027 445.2598
11.14778 485.207
6.541066 526.8511
2.145539 571.5923
-1.684018 611.1176
-4.450598 643.0818
-5.339895 663.3497
-5.979822 676.6625
-5.991123 682.3676
-4.74965 683.6084
-4.25562 680.5827
-3.628046 677.9976
-1.159253 670.7656
1.259427 659.7455
2.816012 643.5372
4.320971 624.8043
7.110713 602.0754
9.259866 581.8235
11.5409 560.1898
14.76922 544.2642
18.22807 526.3021
22.49237 508.1795
27.49322 487.8764
33.48946 465.7303
39.93021 443.2104
46.60995 422.2034
50.13287 405.7481
50.63933 398.2837
48.87806 401.7462
45.91972 413.9887
42.33904 430.0226
36.44211 454.4783
30.76515 478.5334
24.61984 503.8202
16.51159 536.6777
10.6333 566.1456
6.898808 583.2891
1.600495 596.3276
-2.599513 604.6167
-6.191329 607.8336
-7.656714 606.0314
-9.853447 598.5325
-11.49126 586.8
-13.06961 574.1434
-14.3484 563.929
-15.38985 552.1897
-15.66284 537.9909
-16.43765 517.4355
-16.64679 499.8632
-16.92242 480.4991
-16.74238 460.0232
-17.3933 439.3932
-18.17376 419.3009
-20.56631 401.7432
-24.44793 389.4627
-30.90565 384.0385
-37.11281 385.6923
-43.59466 398.0502
-49.83692 418.9226
-54.93645 444.1404
-58.40728 470.817
-61.48088 497.8748
-61.88506 524.1478
-60.58337 546.5287
-58.66669 563.1875
-55.65005 575.4346
-54.46124 586.7638
-52.12981 594.6445
-47.77048 594.9077
-43.19516 588.8356
-39.19957 579.3547
-34.85448 565.931
-30.49371 551.6704
-25.07065 534.1959
-20.90341 519.6129
-16.18551 505.655
-9.97365 488.8345
-2.931155 470.2504
5.472034 449.3963
15.41477 427.6803
27.08595 408.5004
39.73456 391.8234
53.51556 379.6934
67.12232 370.9798
79.02817 369.2001
87.93173 375.9447
92.87238 388.4089
95.15127 402.9723
97.13718 426.781
97.79985 450.4003
97.62998 476.5211
96.67288 501.0522
94.12544 528.8204
93.13335 555.675
92.09673 570.6888
90.50929 578.0502
90.03442 578.061
89.61427 573.863
89.48392 566.6896
89.90755 555.4502
89.69003 541.4343
90.89787 528.2043
91.82346 513.513
92.18156 497.2939
91.72974 479.5626
90.08579 461.0494
88.27917 442.5923
85.60596 425.4889
82.86424 408.6714
79.4457 392.5306
75.57855 377.1047
71.20966 363.6682
64.92762 352.0509
56.32468 345.7164
46.45064 348.4558
36.24461 364.8329
26.21599 391.1974
17.70944 420.0288
9.420529 459.4126
3.824913 496.4765
0.5000015 534.0384
-1.262112 571.4722
-2.950264 607.2551
-3.196598 634.0855
-2.826575 652.6617
-1.568367 661.9543
-0.3899702 664.8651
0.2631674 666.414
2.868381 661.3806
4.037765 657.9945
6.182136 647.9057
8.074494 633.9401
9.151816 617.8213
10.94626 597.6376
12.60364 574.1416
13.90063 551.0281
16.07746 527.2433
18.47179 503.4289
22.21249 486.2636
27.02683 467.477
33.1035 448.4337
39.56433 429.0877
44.97277 411.6276
47.39042 400.4456
46.56303 400.6894
44.63331 412.2231
41.25819 431.4163
36.40182 453.9472
29.90376 484.7342
22.82275 518.428
16.64893 549.4496
11.24887 574.5131
6.888671 591.5376
2.790303 602.416
-0.2991041 608.0425
-2.415268 607.8519
-4.914273 606.2779
-6.207195 598.7699
-7.777241 590.6154
-9.647035 583.4894
-10.75237 575.2955
-11.92406 563.4481
-13.19166 546.8359
-13.55797 531.478
-13.82985 514.7335
-13.94212 497.9954
-14.58787 482.2276
-15.54074 467.2105
-16.52841 449.9188
-17.35809 433.1014
-18.05891 417.8234
-19.67906 404.9798
-23.13472 397.376
-28.11675 398.9169
-32.86166 410.5821
-37.92219 431.5742
-43.74983 458.0154
-48.60864 488.2944
-52.29844 521.8376
-54.54671 553.2047
-56.21478 581.9075
-55.92111 603.9192
-55.08865 619.5135
-53.44024 629.5438
-49.762 634.8503
-45.47137 635.242
-40.16714 630.4155
-35.12394 623.0684
-28.40361 611.2668
-21.96378 597.1527
-15.14753 582.8026
-7.182264 568.1074
0.9232389 550.7117
9.964679 532.8632
19.86028 515.9954
29.92122 500.1353
40.25058 484.7901
54.0791 466.8817
69.10022 447.4652
84.25127 429.5313
96.51803 416.6927
102.9998 413.2988
107.1433 421.3015
110.085 436.9601
111.0318 456.4025
110.5338 478.3269
110.0359 506.5828
108.3333 526.5276
106.2538 550.6132
104.051 568.7061
102.2005 578.8739
101.0454 581.0087
99.80778 578.0355
98.94515 570.361
98.74142 559.5221
98.46906 545.7918
98.15823 529.5588
97.13251 512.277
95.28007 494.399
93.04678 478.5042
90.11186 462.6862
87.28817 446.7221
84.26501 430.7982
81.13735 415.3692
78.69514 400.1584
75.81877 385.5197
71.84572 371.5551
66.56678 361.1788
58.50563 355.9698
48.22267 357.4538
37.01217 368.058
23.81554 392.0086
15.98063 418.2247
3.792933 457.3225
-3.233287 504.1088
-6.135183 551.1895
-9.759923 593.9041
-12.94609 629.0236
-15.8477 656.9969
-16.05525 675.6828
-15.59771 690.2802
-14.11922 697.2443
-12.17386 696.7829
-10.57307 692.0684
-8.516275 683.7587
-6.271891 667.9789
-5.129382 650.3149
-4.052234 634.3282
-2.014313 612.9423
-0.9642369 591.6355
-0.1416694 569.991
1.777337 548.8822
3.734282 522.6245
6.074525 495.098
10.44638 467.2009
16.68392 442.116
25.28075 427.9631
33.69393 413.7703
38.14482 401.2074
40.19465 405.2345
39.16675 419.5467
35.34296 438.1
29.00694 472.8682
21.28168 513.2411
14.82625 552.2236
7.733724 585.1022
0.6079192 613.0687
-5.232207 631.9367
-10.90592 645.7979
-16.01109 656.7608
-19.62571 661.6591
-22.99891 660.4329
-27.65007 656.2745
-29.71428 649.0958
-32.32178 637.488
-33.97176 624.5844
-35.70516 610.3923
-37.39367 592.2605
-38.58012 574.7308
-40.17398 557.0665
-40.97639 538.6367
-42.72918 519.0772
-42.9881 496.9029
-43.72218 472.9487
-44.48729 446.2458
-45.68554 417.0402
-49.32035 391.9186
-55.12319 375.2982
-63.68965 366.4695
-73.53329 371.9622
-83.03503 389.6522
-91.30911 413.7744
-98.73738 443.0067
-104.1419 474.8394
-108.2115 506.4648
-110.4074 536.0031
-110.6795 563.8268
-110.7693 587.8182
-109.6673 610.3903
-108.2065 625.5545
-104.9285 635.5051
-102.8884 642.9017
-101.3439 646.4767
-97.23636 642.9283
-93.07906 635.8615
-89.32815 626.113
-84.94547 613.6639
-81.35266 601.4031
-78.26759 589.2043
-73.711 575.9776
-68.69228 559.9611
-62.91581 541.1293
-55.6748 520.1782
-48.20042 503.7348
-36.568 484.1841
-19.68761 458.3109
1.382168 437.5214
24.45082 419.7496
49.16325 402.8072
67.69205 395.1017
80.5192 402.4358
85.97401 428.4437
89.88293 468.9945
91.8905 520.8013
90.0388 577.7292
86.06528 628.3055
82.69518 671.1161
78.65482 699.9484
76.62555 711.6725
73.35695 721.8589
68.02026 728.0509
64.4566 734.5649
60.96293 745.4507
59.66623 752.9874
61.07597 756.4904
58.89006 756.4926
54.5466 754.1788
51.90784 752.9542
48.23163 746.5951
50.58395 731.6523
53.42366 708.4388
54.18869 674.9399
55.54678 629.9607
56.74145 581.4972
58.81747 557.2769
64.10862 543.5358
67.53033 532.086
65.50131 520.3128
59.00109 508.8527
50.63184 496.8589
41.00568 488.1008
33.45413 487.1648
28.49338 496.2616
25.79127 511.0378
25.08925 524.3392
24.74903 530.9067
25.28407 532.6611
26.49744 531.0297
27.62127 527.9242
28.08817 521.1554
28.32777 517.714
28.48927 516.4771
28.66022 515.8933
28.58224 515.172
28.36799 513.726
27.92321 511.1162
27.34808 509.7282
26.57138 511.5988
26.65292 512.593
26.72656 512.0292
26.87968 511.5765
27.07803 510.1949
27.43121 509.5058
27.59193 509.8568
27.65127 510.0056
27.5678 510.5621
27.4529 511.1204
27.33215 510.8837
27.18837 510.6767
27.06757 509.9996
27.03816 510.2796
27.15815 509.6063
27.24841 509.5282
27.15738 509.201
27.08477 509.4695
26.90378 509.6623
26.78841 509.7093
26.69305 508.8106
26.70916 509.0114
26.4413 508.9267
26.08326 508.3468
25.91499 507.6192
25.73899 507.7098
25.78421 507.288
25.59771 506.3853
25.43441 505.7333
25.39158 505.5871
25.35534 505.3638
25.17557 505.0362
24.87496 504.4579
24.75958 503.9618
24.67931 503.824
24.6702 503.2101
24.43723 502.5853
24.18357 502.2299
24.2167 501.8713
23.9487 501.0714
23.91073 500.0238
23.77539 499.164
23.61203 498.7563
23.34569 498.1898
23.27376 498.2016
23.26873 497.2178
23.1175 496.6999
23.02605 496.203
22.94667 495.144
22.73881 494.17
22.77623 493.8327
22.52261 492.7274
22.39114 492.2079
22.32804 491.8299
22.31291 490.7736
22.15824 489.3946
21.7019 488.4765
21.26893 487.36
20.83971 486.758
20.54326 486.0959
20.39853 485.9919
20.19278 485.591
20.02022 484.6642
19.77704 483.3668
19.70407 481.9093
19.51414 480.2266
19.2423 478.9098
19.05725 477.9815
18.81428 477.304
18.74477 476.5891
