139.4651 371.9638
140.2738 373.2198
140.6031 373.8066
140.6339 374.5908
140.6172 375.5255
140.199 375.9321
139.6701 376.5864
138.8461 377.0086
137.6847 376.6048
136.6648 376.6352
135.666 376.5655
135.0274 377.2116
121.9602 335.9855
115.9407 351.659
115.9384 352.3681
115.4875 352.3438
115.7125 353.069
115.7228 352.9435
115.3338 352.7464
116.2064 352.6568
117.3172 356.5027
117.5366 358.9815
117.5378 360.421
117.3731 361.3557
116.7602 360.4644
116.2488 359.94
115.153 359.1125
114.5309 359.159
113.5971 358.085
113.0922 358.1809
107.9618 366.0966
117.1134 370.2183
119.9537 372.9738
120.7165 374.4229
120.706 374.1418
120.0414 372.1357
119.3276 370.5748
118.7349 368.9509
118.0389 367.5007
117.442 367.0058
116.8581 366.3993
116.2063 365.6571
115.5286 364.5163
115.1917 363.9407
114.5853 362.8532
114.2447 362.42
113.7349 361.3921
113.2933 360.6128
112.8867 359.8123
112.794 359.767
112.7032 359.6137
112.5736 359.4131
112.4386 359.1584
112.2054 358.3426
112.0386 357.5219
111.7981 356.6838
111.6086 356.0975
111.5098 355.5084
111.4255 355.0754
111.1663 354.3672
110.7271 353.3723
110.241 352.2568
109.7041 351.2116
109.1024 350.2119
108.3746 349.0136
107.5666 347.3952
106.5733 345.2496
105.5651 343.131
104.7152 341.3054
103.4922 339.2243
102.3082 337.0947
101.2528 335.748
100.0582 334.577
98.6973 333.0774
97.26494 331.8065
95.73244 330.278
94.1604 328.8035
92.48603 327.6332
90.35202 326.3838
86.24454 326.8683
77.39202 335.6156
65.76369 353.8709
37.53189 400.6212
24.54245 480.9507
19.08854 545.5167
8.498907 615.27
-0.1126198 688.1769
1.031515 752.1014
-5.1956 809.5585
-10.69094 865.2717
-18.87551 916.634
-19.55054 959.3906
-14.99322 998.3099
-22.23587 979.2763
-23.62214 964.2543
-25.77711 952.468
-24.02534 942.7832
-14.50146 935.6113
-14.26244 926.4869
-14.03777 902.2461
-13.07687 889.2708
-9.163708 878.0524
-3.223006 868.4885
7.284006 860.7769
24.51602 851.0524
40.74036 842.5818
42.04097 836.1744
39.62788 830.1984
34.95929 824.435
28.9873 817.2689
23.99732 811.4092
19.51542 803.1666
18.1574 795.1404
19.12376 783.7886
20.44958 770.332
22.44709 754.8043
25.13058 738.9684
28.01111 721.0165
30.51816 703.6938
32.10323 687.3089
33.48476 672.9216
35.15503 658.72
36.82365 645.8553
38.38564 634.5112
39.76943 625.35
41.06081 617.7469
42.42694 611.0819
43.66306 605.6767
45.44455 600.8484
47.28919 597.0215
48.88721 593.7339
50.09399 590.1254
51.53339 585.8394
51.63459 580.5968
50.68555 574.2527
48.25262 567.4261
41.62503 561.2662
32.69765 557.2982
8.60568 529.8182
1.52278 545.4417
3.10697 543.6829
3.393255 545.0296
3.115371 548.0063
3.127718 550.2947
3.087108 552.7123
3.782865 554.4435
4.892104 551.4022
6.059819 546.3378
6.594946 543.5901
7.178726 539.2959
7.641373 534.4921
7.687571 528.7693
7.75528 521.5765
8.083144 514.0709
9.1256 507.2909
10.33941 501.0677
11.28107 493.4074
12.41554 487.2354
14.5449 481.6637
17.67861 474.9651
21.65703 468.2838
26.56891 461.5498
29.97091 456.166
31.96019 457.6661
32.25237 465.1133
31.88443 477.5423
30.74876 493.1297
29.53277 508.9379
28.40142 522.606
27.79481 533.3466
27.51706 537.9033
27.72178 539.1068
28.55604 536.4849
29.66938 531.2056
30.39239 523.7728
31.45805 516.4185
32.1255 508.3731
32.67479 500.3031
33.24992 491.2977
34.14374 482.1
35.11018 472.2668
36.36921 461.2059
37.35472 447.1415
36.59733 431.6945
31.9263 421.8739
25.56628 427.0536
20.54063 447.6988
16.60041 481.1963
12.9199 528.3035
10.19697 580.5893
8.333488 629.3195
5.593524 675.7232
4.276253 716.713
2.770581 744.7215
2.092413 762.6734
1.548547 772.7917
0.1328534 777.5537
-1.10346 774.3987
-0.407355 764.5244
-1.84954 747.5102
-0.6779485 723.2435
-1.891314 693.4143
-1.942534 656.9706
-2.351632 619.3323
-2.299986 586.6725
-2.363238 567.6329
-1.703552 552.9058
1.048464 538.0814
7.25754 519.731
14.40403 500.6368
19.68332 483.0714
22.29578 471.6829
21.53604 469.6317
20.33903 476.5518
18.51678 487.939
16.59955 499.3968
15.03566 508.184
14.61318 512.5736
14.60862 513.5397
15.09856 511.8583
16.00653 507.1075
17.08993 502.0382
18.14583 496.7563
18.91936 492.3484
19.74757 487.1439
20.31402 481.7768
20.56181 477.023
20.08955 474.2357
19.13582 475.0648
17.99689 480.0998
17.20066 488.7147
16.3289 498.1726
16.11112 505.836
15.95262 512.5574
15.88229 516.1403
15.92958 517.2061
16.27476 516.9469
16.58091 516.3204
17.09067 514.7906
17.39546 512.2272
17.89839 509.0663
18.28055 506.0723
18.96249 501.0846
20.25094 495.9698
22.12951 489.8109
24.72144 483.0213
28.10508 476.6165
31.79232 469.2977
34.87676 463.6794
36.97215 461.0803
37.91185 461.7296
38.18201 466.4632
37.92413 473.9975
37.61772 481.4572
37.19534 486.4865
36.90088 489.3813
36.63726 490.2715
36.73182 489.3267
36.93674 486.6392
37.07968 482.8987
37.17532 478.1047
37.19809 472.3103
37.27279 466.7073
37.18572 460.0978
36.9537 452.2231
36.62752 444.0473
35.4173 435.8815
31.64569 429.7014
26.01379 430.8668
19.80539 440.5917
14.03628 458.619
10.10715 480.5229
7.604569 509.5976
6.482617 530.8804
4.896431 550.5038
3.620078 563.9442
3.341283 571.6754
3.220523 574.7436
3.539877 572.2457
3.908653 566.8571
4.981408 558.9442
6.169574 549.0347
7.398586 539.2328
8.734954 527.2724
10.59934 515.6806
13.58575 505.1196
16.84083 492.4935
20.22064 479.7913
24.43708 470.0269
28.60262 462.3522
30.86321 460.4449
31.57335 465.122
31.08951 478.1677
30.57336 493.6888
28.96446 511.251
27.55993 527.2985
25.92403 540.1888
24.96941 548.3845
24.51466 552.0637
24.34073 552.8484
24.36366 550.9197
24.7817 546.4841
25.62252 540.6508
26.42489 532.6433
27.17226 522.7712
28.10941 513.2039
29.35022 503.0354
30.83586 490.8288
32.86338 477.7785
34.40017 464.438
34.66214 451.9853
33.04379 445.1814
30.71059 445.6827
28.00013 453.7922
25.71615 468.1819
24.35118 486.14
23.39921 504.0272
22.27386 518.1773
21.81217 528.4966
21.62296 533.9441
22.00018 536.3193
22.59499 535.8732
23.33364 532.9906
24.33466 529.3746
24.89737 523.3146
25.69704 517.4696
26.5723 511.8673
27.97724 506.2621
29.57154 500.5619
31.67875 494.1638
34.43394 487.6185
37.86438 479.5133
45.03357 473.2191
45.01784 475.6395
45.54794 479.615
45.59608 484.1755
45.39454 490.8661
45.32496 497.9137
44.78426 505.4447
44.00323 512.3447
43.216 518.3967
42.61579 524.4683
41.40041 528.9222
39.82701 534.6564
39.05548 538.6561
38.73648 539.4338
38.3481 537.5594
38.45203 534.9688
38.80369 530.1126
39.56304 523.944
40.21998 516.2219
41.01998 506.0892
42.1246 495.014
43.57199 483.1418
44.31228 469.9039
43.89806 457.2349
40.87673 449.5642
37.18861 451.2127
33.48281 461.5539
31.15304 478.0659
29.0589 495.7489
27.62618 510.185
26.00406 520.2437
25.70068 525.1599
25.68799 526.0218
25.97521 524.2265
26.62219 521.8773
27.50194 518.307
28.57192 514.0231
29.47281 508.9818
30.32817 502.7272
31.61408 497.4645
34.0502 492.4127
37.29564 485.7613
41.66266 477.5321
46.52468 468.6562
51.02216 460.6109
53.51556 459.1819
54.59333 464.8587
54.44498 477.7473
53.38619 493.4867
51.92671 507.6194
50.4252 520.6558
49.00435 527.2324
47.90477 528.9922
47.25171 528.6064
46.92854 526.6205
47.03202 521.8926
47.5266 515.0982
48.12012 505.4037
49.04047 494.9832
49.88876 482.6267
50.87694 469.4828
50.69844 453.8658
47.08752 439.9066
40.50036 432.5909
33.65819 438.696
27.54162 455.6309
22.28827 477.0394
18.03677 498.882
11.38529 523.7709
8.713058 534.0551
6.943328 538.0927
6.006973 537.304
5.129568 533.6599
4.519345 529.2866
4.379476 523.4233
5.118344 515.9844
6.344198 509.3515
8.036496 503.1963
10.45694 495.0972
13.57685 485.8366
17.88059 476.737
22.86316 467.9078
29.75471 459.1981
37.70818 448.28
44.54466 438.4469
48.32658 437.5678
49.99872 445.7151
50.14172 462.9848
48.717 483.5966
45.83426 500.5858
42.5819 513.131
39.67758 519.2629
36.78217 519.3293
34.16877 514.2469
32.24553 507.3221
30.52826 500.4066
28.92338 491.8895
27.37492 481.8966
25.64007 468.1826
23.85237 452.883
22.26834 432.2607
20.33904 407.9601
18.13824 380.6923
13.57114 358.2901
1.703176 353.2006
-12.16185 376.5672
-25.61279 424.8947
-39.08254 489.4566
-50.21809 552.4957
-59.20707 610.0541
-64.31894 658.6912
-63.95176 703.7376
-63.21441 739.6811
-62.85019 767.8094
-63.0002 786.2811
-61.95691 798.9169
-61.69452 805.9462
-61.16346 807.6014
-62.00251 802.8234
-62.54934 789.5363
-62.49953 763.8881
-61.6771 726.0477
-60.09525 682.2712
-55.09507 620.2714
-52.30816 570.9137
-48.78408 534.2679
-44.08146 499.3607
-33.72178 459.2677
-16.82142 410.2426
-6.433535 378.8758
0.017545 389.8324
-0.9416276 429.7863
-3.333951 454.66
-5.492193 465.8879
-6.584423 468.4443
-6.894688 465.6775
-6.116447 459.8841
-4.683167 454.0623
-3.747783 447.8261
-2.931559 441.6713
-2.188636 436.7459
-1.672737 432.099
-1.595969 427.7021
-2.128253 423.7822
-3.479804 422.0082
-6.193924 424.7343
-9.102901 433.4564
-11.61098 447.2506
-13.66787 462.4476
-14.9277 476.7554
-15.28332 488.1163
-15.21986 494.6069
-14.16012 498.0963
-12.94129 499.1453
-11.88871 498.9215
-10.28896 496.8806
-8.749664 493.5306
-7.179699 488.2191
-5.330356 481.3456
-3.267561 474.2787
-0.5111247 468.2471
2.697906 462.6934
6.284246 456.9608
10.24581 450.5158
15.34293 442.7107
21.98034 433.621
30.18834 424.561
38.41239 417.4192
44.31044 418.9126
47.77293 427.8206
49.59262 444.4031
49.19262 461.9545
47.84804 478.3127
46.34045 491.0702
45.29206 499.1734
44.45224 502.2918
43.86085 500.4867
44.01963 496.3815
44.989 489.8923
46.14849 480.5118
46.69175 468.0645
46.88959 455.0786
46.44355 441.7719
45.57773 425.9073
44.55968 408.7873
42.95174 390.9673
41.3036 376.7734
34.96854 371.0119
23.26598 382.2971
11.30401 413.1608
2.044791 459.6191
-5.916739 517.609
-10.65662 566.3603
-19.56847 689.5263
-19.8306 713.5605
-18.75122 721.8871
-16.63229 718.4946
-15.17257 705.3885
-15.72217 687.6601
-16.30477 674.0317
-16.44051 656.9679
-15.05732 635.847
-13.98584 611.9404
-12.45657 586.52
-10.88606 565.5278
-9.023286 545.2689
-5.926488 524.0753
0.4982603 503.6265
11.02304 482.0621
24.48593 460.7992
37.178 439.3981
43.64822 423.6842
45.90476 418.6616
44.9664 428.4812
43.13046 446.0882
39.88043 469.9073
37.68869 490.2628
36.97356 502.6459
37.26144 508.0678
38.38071 508.6035
40.09653 504.8141
41.25665 498.2863
42.00509 490.3795
42.57369 481.9597
42.60038 473.4261
43.0127 465.9709
43.54559 456.2843
44.07004 445.3796
44.71762 433.2436
45.19811 421.1738
43.33822 410.0381
38.06629 402.7215
31.43074 403.7689
26.17666 413.696
22.52394 430.0366
19.89417 452.9132
18.03032 474.6708
16.98807 491.3724
15.98552 502.3251
15.32698 509.6349
14.92351 511.7442
15.23455 510.9181
16.12097 506.7307
16.96478 500.4402
18.32238 493.1679
19.73222 484.5838
21.65946 475.6395
24.30476 465.4153
28.16258 456.3275
33.26249 446.7703
40.53591 438.034
49.52764 427.4373
59.85668 414.904
67.06085 405.8609
70.38168 405.1547
71.10161 413.0469
71.21889 425.7482
69.80512 442.9129
67.79257 458.8477
65.84601 471.4009
64.08892 479.2043
62.89214 481.2946
62.5423 480.6256
62.81709 476.2182
63.49511 467.7731
64.16483 456.3517
64.68259 443.6902
65.2194 431.3205
65.7626 417.8951
66.31321 403.8516
66.68094 390.4565
66.30564 377.5058
64.42303 367.1622
59.00945 359.5453
50.73783 362.9864
41.76095 376.2559
31.89871 400.7288
23.74576 432.0942
17.89519 456.0398
12.36958 477.1594
7.936821 496.7061
4.666204 513.6075
2.330599 528.222
0.7114092 540.4115
-0.07483537 552.7263
-0.3510818 560.5965
-0.9586881 559.2939
-1.553873 553.5707
-0.9329147 542.656
0.4721828 529.3253
2.015493 514.6637
4.834249 500.3673
8.837255 485.1565
14.32947 468.6072
21.69271 451.6773
29.42005 434.1676
33.57651 419.4158
34.62988 418.2095
34.14402 429.3595
33.15755 446.3356
31.2117 466.5074
28.56398 491.6705
25.85429 508.8804
23.8186 521.1025
22.9845 529.0063
22.45077 530.0025
22.2432 527.0117
22.6306 520.8986
23.57829 512.3921
24.63433 502.797
25.66177 490.4904
27.04529 477.0915
29.23367 464.0117
31.26884 449.7513
33.11904 435.7849
33.88381 425.1206
31.2198 420.4526
27.34756 424.0617
24.30616 434.9946
21.9757 452.2704
19.93225 471.2777
18.50397 489.805
17.50421 505.5845
16.99778 516.6996
16.51851 521.6904
16.10381 522.2434
15.72363 519.1987
15.66303 514.9653
15.71206 510.1889
16.14374 505.4906
16.57742 500.4114
17.26627 494.0554
18.12636 486.8358
19.32435 477.1831
21.997 466.1703
26.14121 454.6334
31.04888 442.0528
36.10509 428.7375
39.35062 419.6442
39.63467 417.4976
39.28647 424.9626
38.53466 437.9756
37.39173 453.8922
35.88464 469.0473
34.10295 483.283
32.84502 494.8943
32.13913 502.2479
31.99595 505.2368
31.98286 505.8553
32.4262 504.0825
33.22186 499.2221
34.09314 492.5816
35.20741 484.7303
36.49787 475.1698
38.03564 464.3623
39.56519 452.8391
41.84224 441.8112
43.82616 430.5707
44.0404 419.4575
41.12531 413.337
36.56256 415.8036
32.27076 428.1956
28.6451 445.6463
24.43786 467.9918
21.72997 488.4789
19.0816 508.8156
16.48928 525.912
14.71264 536.9453
13.91765 541.3556
13.39667 542.5277
13.00827 540.1998
13.04847 535.317
13.40159 527.754
14.30774 517.9664
15.35501 505.6387
17.29291 493.2304
20.27269 481.959
24.41943 470.1059
30.02074 458.8156
36.53004 447.9406
42.47009 437.296
45.24089 432.8193
44.90631 436.257
43.70861 446.5897
41.7798 461.7432
39.46169 478.9016
37.16717 496.7791
34.77214 512.4316
32.84483 526.3743
31.64882 534.4698
31.08593 536.8032
30.58556 534.4631
30.82214 529.119
31.30781 521.6377
32.16694 511.1688
32.79864 500.1056
33.41574 489.2702
34.40407 477.4124
34.81259 464.9234
35.0101 451.8213
32.94292 440.0847
27.63391 432.0391
20.61256 432.9189
14.3745 443.4296
9.540944 459.7238
4.729275 484.2348
1.056331 511.9547
-2.029816 531.295
-4.275322 550.561
-7.165882 562.016
-9.199012 566.7556
-9.745751 566.6506
-10.18039 560.6185
-9.707201 550.7784
-8.891294 539.1168
-7.455895 528.2774
-5.577335 517.6189
-2.35809 505.5262
2.540313 492.8544
9.52751 479.8197
18.72973 467.0014
28.31461 454.716
36.14788 445.3929
38.93638 445.0029
38.96137 453.6485
38.21085 468.3441
36.23206 487.4917
33.99725 507.4576
31.91024 526.639
30.16529 539.5151
29.3818 546.4614
28.36969 544.2949
27.54346 537.2645
26.45253 524.765
26.29318 511.0103
26.15146 498.6078
26.69132 485.4624
27.59055 469.6161
30.14169 452.5148
33.14181 432.5786
35.39428 411.1566
26.29518 382.8694
9.836987 381.8757
-9.413218 410.1248
-24.19701 506.2922
-29.63812 587.3276
-31.34721 646.0137
-34.33395 713.3671
-37.62402 778.4476
-42.8917 842.6078
-50.95692 902.2449
-51.54792 956.407
-56.00982 1004.351
-60.06823 1045.602
-63.43116 1087.077
-67.23457 1127.379
-70.86521 1164.912
-71.80529 1199.265
-78.4305 1235.481
-85.70479 1268.692
-89.59454 1302.305
-83.9259 1353.534
-84.75948 1403.245
-79.14793 1438.25
27.45897 412.6186
36.46925 420.1315
36.12231 439.6955
30.68 467.2407
22.67677 498.086
15.86958 529.427
12.27941 554.5833
10.45143 568.3818
9.932184 572.5026
10.35622 564.7872
12.12643 550.921
14.4462 534.8918
16.2137 518.9504
18.06207 505.989
19.98051 494.3033
22.26403 483.5538
24.40153 471.4067
25.88019 461.2056
26.40796 451.8612
23.134 446.0974
17.16765 445.3351
10.66213 451.8557
4.622375 467.2086
1.016602 485.9786
-1.701434 510.4729
-2.729533 532.5156
-4.494707 547.9175
-5.26631 556.5485
-5.553876 558.8466
-5.57052 557.6283
-4.797831 552.5385
-4.207067 544.8105
-3.532231 535.4542
-2.50206 527.7946
-1.081776 520.9332
0.5869549 514.2783
2.797904 508.2086
5.45538 502.3016
9.082902 495.8288
13.81664 486.6663
19.54636 478.1701
25.11783 470.1068
29.45142 463.2841
31.9299 461.2572
33.53807 463.0604
34.18686 468.8752
34.16998 475.2792
33.87913 482.0629
33.45639 486.8996
33.22501 490.0927
32.8029 491.7646
32.61688 491.517
32.21683 490.2049
31.90069 488.338
31.61669 485.1699
31.18585 480.7852
30.78652 474.4087
31.10471 466.3209
31.87359 456.1692
31.80968 443.9696
28.35612 431.4072
18.11505 426.5725
8.441131 436.5266
-1.114271 462.2792
-14.52409 504.0462
-25.00918 562.7148
-31.71481 639.1189
-34.41026 722.287
-31.79053 742.0923
-30.80946 756.4618
-33.33564 770.7913
-35.47633 786.9363
-32.15272 802.8649
-24.92434 821.4098
-27.41497 843.2775
-30.6799 862.408
-28.63559 849.2473
-26.91946 840.7925
-24.56569 826.7704
-16.54219 816.1224
-1.893194 747.415
5.975801 715.3125
18.19611 683.4735
29.28205 652.3179
42.47976 620.8868
55.09953 593.3746
63.0334 573.6352
62.4191 555.9589
60.00165 539.6765
59.19159 528.8708
52.31053 517.3814
51.9139 520.5176
51.15201 524.0779
51.65137 529.4149
52.86126 535.4958
55.45947 542.0063
59.23071 548.9324
63.87084 555.9122
68.88364 561.6163
73.23401 564.1774
77.54629 567.2571
79.96763 569.6747
78.25594 572.4044
76.35512 576.1816
75.84827 580.9923
74.64751 586.2108
70.5313 591.9937
64.73853 598.4029
31.92267 475.0457
59.6137 605.407
27.64235 495.2789
56.82132 613.4192
25.86706 514.4605
55.83486 621.7167
25.43358 525.1641
55.2162 629.6212
24.86446 528.5955
55.19765 636.7355
24.66851 527.4346
55.82873 642.9589
25.01895 524.5255
57.12698 648.6558
25.99786 520.4917
59.01201 654.1035
26.92583 515.6512
61.84991 659.1599
27.84911 511.0201
63.84736 664.0034
28.47428 507.9872
65.37768 668.3403
28.92573 503.0758
66.82619 672.093
29.4544 498.7868
68.49499 675.8527
30.64217 495.6002
71.61216 679.3068
32.39353 492.5492
76.14793 682.8273
35.25324 486.3395
80.72739 686.9567
39.59219 477.5234
84.27886 690.5477
44.48777 467.6745
87.24199 693.8036
49.71177 458.8138
89.14434 696.366
51.28337 454.4712
89.36535 697.7451
50.68531 457.5349
85.53442 699.6505
48.71506 466.8279
80.68754 701.1547
45.87159 480.6823
74.78209 702.4634
43.16621 496.1477
70.89301 703.9464
40.58335 507.2463
69.05918 706.0863
39.19591 513.7821
67.77794 708.3564
39.18544 515.722
67.99255 710.6593
39.33284 513.1232
69.28901 712.6747
40.09301 508.1179
71.89923 714.9115
41.33502 502.2374
75.63415 716.2348
41.80289 495.7174
78.44335 716.3471
42.20024 488.6654
80.37606 715.8173
42.96598 482.2858
80.99158 714.7258
43.78295 477.0641
81.81761 713.4762
45.3986 471.3115
83.20026 711.8806
47.72105 464.5829
85.54755 710.7327
49.97988 455.8339
88.13676 710.2421
52.23745 445.026
90.87794 710.0881
52.31459 435.5511
91.60264 710.6328
48.46263 429.5985
89.74823 710.2973
43.48982 431.5399
84.58659 710.5076
37.60775 442.0055
76.37587 710.7892
33.39578 457.6061
67.60564 710.3946
30.6072 477.1392
60.42849 710.3335
28.41279 497.9241
54.94806 709.8936
26.7962 515.7338
50.77799 709.3399
25.69449 527.1784
48.12321 708.0146
24.84824 533.025
47.36127 705.8078
24.46669 533.3803
46.8771 703.592
24.48106 531.5308
48.53146 701.1231
24.56827 527.3348
51.77771 697.8441
25.27239 521.1223
54.63084 693.7436
25.90345 514.9981
56.96312 688.9144
26.81028 509.2319
58.67509 683.108
28.18725 502.3456
61.16732 677.6411
30.32221 495.614
64.80503 672.4108
33.30738 488.3189
69.72656 668.2448
37.34818 480.8281
75.38405 665.1703
42.36862 471.7825
80.11909 661.8685
47.43416 463.5161
83.91344 659.266
50.38918 458.0966
86.36546 655.7437
50.26661 457.9381
84.59245 652.5834
49.20495 462.9335
81.8467 649.7929
46.30598 474.9283
78.75157 647.2498
43.34229 489.1726
75.14053 645.5073
41.58376 501.0535
72.45551 644.5001
40.30751 509.9486
70.89986 643.5242
40.00411 515.3636
70.99406 641.9182
39.98656 517.7955
71.46236 640.3876
40.35564 515.126
72.76086 638.988
41.34733 512.3109
75.27616 637.8724
41.6935 507.2961
77.98383 636.0777
42.19294 501.1133
79.79005 633.6161
42.59858 496.0118
80.73889 630.8943
42.95165 488.8201
82.19112 628.3253
43.47814 482.5653
83.82483 625.995
44.47533 475.8773
85.74198 624.0444
45.49703 466.311
87.8159 622.6893
47.15803 455.7628
88.92052 622.373
47.80364 444.9101
88.11794 623.0644
46.56403 433.5213
86.74912 623.8076
42.53452 425.8091
84.48372 624.0039
35.58947 425.9277
79.93867 624.2791
30.21066 433.5395
73.40942 624.4312
25.31597 445.2999
66.39365 623.8416
22.86967 461.7617
58.85599 622.6223
21.73244 480.5946
54.57687 620.8043
21.06198 497.15
51.7338 618.7227
20.90135 508.2587
50.04866 616.1333
20.54611 512.8831
50.0559 612.6405
20.36105 512.9153
49.82271 608.9525
20.34636 508.2123
51.98292 605.2203
20.56888 502.2611
56.04789 601.2091
20.92722 496.1861
59.88692 597.4221
21.62296 491.2331
62.75641 593.2168
22.68742 485.9304
65.26253 588.278
24.28361 480.4745
67.85011 583.9105
26.621 473.4009
71.58488 579.9695
29.83511 465.7814
76.66848 577.7501
34.50386 456.5171
81.01686 577.9481
40.1741 446.2221
84.69409 579.59
45.03357 437.9079
88.39592 580.3737
46.82424 433.9733
89.86729 581.9084
47.02327 436.0838
89.30779 583.1685
46.39019 444.0172
87.26579 585.3723
44.81956 455.5003
83.16945 588.5677
42.51947 469.6744
81.18578 591.5972
40.89903 482.0727
80.51456 594.7109
39.86489 490.0864
79.99807 597.452
39.24215 493.9691
81.03121 599.0306
39.03094 495.1827
82.79933 600.7345
39.60065 493.9413
85.07658 603.3748
40.33394 490.6468
88.44836 606.095
41.0732 486.4384
91.65685 608.1054
41.97496 481.812
94.02933 609.8807
42.22001 476.2719
96.13844 611.25
42.43332 470.53
98.05331 612.9353
42.95504 464.4555
100.7426 614.5477
43.12646 457.1794
103.6872 615.9528
43.2291 448.5883
106.7359 617.1259
43.41329 438.7139
108.3646 619.1661
43.44018 428.2157
109.268 621.1821
42.18847 419.5052
109.5482 623.2263
39.18963 413.2253
108.102 625.1757
34.12135 414.7184
104.3255 627.1581
28.99782 422.7514
99.14233 628.97
24.1276 433.4479
92.90273 630.9685
20.54129 445.2783
87.74408 633.2012
18.00393 456.4608
84.38918 635.3304
17.11124 468.3949
81.88844 637.1244
16.52825 480.7376
80.76006 638.1082
16.14137 489.3239
81.23621 638.2667
15.84681 494.6671
82.51073 637.8965
15.93311 495.9145
84.3803 636.77
16.51331 494.2367
86.7546 634.7786
17.12757 491.3803
88.63027 632.1494
17.99401 486.528
90.47388 628.9594
19.13551 480.2989
92.45831 625.8282
20.91032 473.5442
95.32001 622.5754
23.29492 466.2659
99.55018 619.1365
27.0564 459.452
105.7936 616.1459
31.8806 453.6448
112.9117 612.65
38.0143 446.6326
118.9153 609.5228
45.48774 437.4582
123.4437 608.5086
54.0362 427.9901
127.4264 608.3519
61.54856 418.7003
131.5234 607.1627
64.36852 417.0804
133.7192 606.2065
64.79352 422.8169
131.3555 606.3636
64.05334 433.3447
127.2177 607.0651
62.18572 443.292
122.157 608.4938
59.95519 454.3524
118.9731 610.1633
57.70611 463.5833
116.911 612.2751
55.43382 476.7247
115.8142 614.996
53.96215 486.536
115.5836 617.2058
53.13083 493.0919
117.0006 619.3658
52.75975 494.3147
118.4953 621.5732
52.32443 490.9843
126.5461 623.9261
52.62873 484.506
130.3863 616.8985
53.10561 475.987
133.0516 611.9434
53.32102 465.5438
133.5141 607.7794
53.24342 455.9095
132.4337 603.3318
52.81399 445.8166
129.48 599.03
51.70202 435.1475
125.1764 594.4282
49.87247 426.8846
120.6954 590.1475
44.89278 422.3514
116.2262 583.7513
37.80022 426.437
111.2378 575.6891
31.38959 437.4586
104.0056 568.4156
26.09239 453.1752
95.57716 560.7085
22.0266 471.587
90.12258 555.7205
18.47189 491.2833
86.35889 551.9887
15.48168 508.7065
82.6935 549.345
13.79446 521.1262
80.36083 547.0245
12.87935 526.2899
80.2037 545.2281
12.46953 526.9832
81.7146 544.2397
12.79946 524.7123
83.94225 543.1488
13.94476 521.2975
86.46117 541.9844
16.01471 516.2862
88.86488 540.7561
18.16152 510.0323
90.89182 539.0532
20.54746 503.3856
92.60613 537.2058
23.55723 497.1604
95.67647 535.8381
27.29132 490.286
100.5644 532.9118
31.98705 481.8771
106.1191 529.9366
38.75066 473.9006
111.4446 527.4996
47.56002 464.1408
115.7562 525.8098
58.27777 453.3152
119.6453 524.8004
68.21085 441.3143
122.0673 523.3802
73.72786 435.2517
122.9119 520.3702
74.09523 438.8812
122.1911 513.7836
73.37672 450.754
117.7198 506.9285
71.2087 467.6409
112.4758 500.8832
68.06184 487.1116
107.4867 496.636
64.49753 506.3153
104.6551 494.6601
61.39998 523.8774
104.1116 498.4972
59.09141 536.7807
103.6558 504.2009
57.82782 544.228
103.2289 510.2992
57.37069 546.4199
102.8442 515.4625
56.7028 542.3423
101.5654 519.7946
56.37345 533.1447
99.72676 523.0341
56.05452 522.1292
97.50706 525.3732
55.46118 509.7022
94.33001 526.3055
54.84653 496.1851
90.25784 525.9313
53.95835 481.8313
85.1888 526.0659
53.40541 466.4306
79.6216 526.1185
53.28233 448.3058
74.89886 525.1945
53.8687 427.5374
71.04458 523.7298
54.51173 406.5465
66.39674 524.9667
47.98532 389.3581
60.7143 525.8438
26.09148 391.2043
57.48199 526.3307
0.8755804 426.1506
53.01279 527.1909
47.14928 531.0109
41.56984 537.1805
35.06827 544.5488
28.43384 552.6478
24.72154 561.2833
23.64514 572.0479
23.84542 580.8655
24.06644 587.9382
24.86764 592.5508
26.57888 595.7719
28.94063 596.0732
31.92091 593.4401
34.93781 588.7307
39.38794 582.2512
44.71262 574.5256
48.09524 563.5825
49.91884 548.6408
50.8013 535.0809
11.19911 1142.777
51.53669 523.2281
51.95013 1141.391
51.96878 514.1124
104.9753 1138.527
52.13107 506.0686
133.0983 1135.392
52.0401 498.6105
120.6873 1136.339
49.0141 487.8375
103.1183 1136.596
46.0993 483.6353
86.89199 1136.157
45.41707 483.2999
77.45297 1136.158
45.68754 485.6065
75.93241 1136.282
45.27322 489.9963
77.208 1136.202
45.0888 494.7297
81.21946 1135.388
46.26267 498.4052
86.015 1133.157
47.402 501.426
89.103 1130.757
48.05294 503.4317
89.94727 1127.91
47.38178 504.3561
91.02478 1122.611
46.10944 504.8294
92.80462 1116.323
45.52982 504.7737
92.85989 1109.425
44.88707 504.897
92.58002 1101.906
44.55065 504.3183
90.99403 1093.503
44.42848 503.3344
86.81514 1084.694
44.57663 502.147
82.58119 1076.039
44.31706 500.6496
75.89364 1068
43.6649 498.8759
68.28976 1060.088
42.49136 497.9525
61.2067 1052.769
40.85389 497.5124
54.85607 1045.534
39.59809 497.6689
49.88826 1038.465
39.53898 497.8361
47.96272 1031.367
39.41998 498.0596
47.36104 1024.553
39.37981 498.3489
47.42351 1017.764
39.15615 499.2683
48.49144 1011.093
30.55349 459.7595
39.17759 499.6308
48.8428 1004.335
27.01633 477.7332
39.11334 499.698
49.48907 997.3139
25.43498 488.988
38.77205 500.0983
49.76023 990.2271
24.90111 492.6908
38.49807 500.7348
50.16799 982.296
22.5952 489.7032
38.24243 501.1851
50.89019 974.1446
22.05556 483.7945
37.51944 501.6258
52.38997 965.7257
23.37698 478.7981
36.9575 502.0901
53.62757 958.4505
25.00214 471.0956
36.91417 502.4004
56.33668 949.0302
27.42624 464.7672
37.57007 502.8193
61.47776 939.8054
30.47446 458.7648
38.80312 503.4038
68.57364 929.8063
34.38132 452.9756
40.45366 503.796
77.04783 919.3377
39.67707 448.4994
41.92685 504.0941
85.65128 908.3441
46.6687 442.0471
42.94129 504.4412
95.03001 896.295
52.79839 435.2391
43.37752 504.3257
103.6921 883.6923
57.18695 432.2365
44.07233 504.3576
110.1598 870.2983
58.75137 436.0253
44.53819 503.9291
113.2571 856.9716
57.79723 445.5443
44.70781 503.5915
114.2156 843.1826
56.59544 455.4889
44.32056 503.5046
114.4184 828.3536
55.05618 463.5898
44.32618 503.315
114.2452 812.3349
54.0222 469.2174
44.27962 503.1965
114.3771 796.656
53.637 473.0167
44.39983 503.2343
114.425 781.0435
53.6851 475.1955
44.31014 503.6295
114.7607 765.2163
54.13457 475.6146
44.48313 503.36
113.6165 749.8925
54.76581 473.5589
44.36757 502.841
111.6801 736.2418
55.82402 470.4178
44.25344 502.091
110.0297 724.014
56.40148 465.6093
44.19751 501.205
110.129 712.6078
56.59428 459.1422
44.12732 500.4412
110.9282 702.3929
56.14746 452.7802
44.10035 499.6769
112.6456 693.4327
55.32569 446.5581
44.26188 499.1146
114.5741 685.7029
54.18544 438.4002
44.83948 498.0894
116.2377 677.0356
54.47953 427.7801
45.62734 496.8364
119.952 670.012
55.05143 412.4252
47.02706 496.5311
122.8925 663.8849
55.54745 394.416
48.66179 497.2873
121.0628 656.891
48.67989 381.6196
48.16788 498.3446
115.7603 649.2496
31.25739 389.1455
47.28757 500.5551
106.0736 641.9058
9.249957 428.4084
47.06286 501.5447
93.73415 633.7823
46.59046 502.7004
84.57529 626.8568
44.9539 506.4518
77.1925 622.5743
41.42379 511.943
38.58881 518.4574
35.26915 525.7393
32.62613 534.5348
34.42873 541.3816
35.5041 548.7119
37.11571 555.2249
39.306 560.0361
41.38024 562.2865
44.29745 562.5605
45.4151 562.9252
47.57087 564.2374
49.87731 562.8497
50.69133 560.7374
52.35286 554.8959
7.204843 1740.562
52.62716 549.0264
26.09721 1805.245
52.13853 541.4507
59.93932 1868.908
50.26944 533.3541
112.6563 1931.986
51.18865 525.6623
173.3828 1993.949
50.41208 519.6038
206.7317 2058.668
48.98898 509.3051
188.8629 2124.076
44.65769 498.2422
167.9781 2188.558
41.95386 488.1551
141.1309 2253.086
41.77414 482.3575
123.0971 2316.42
41.71702 480.8339
122.2788 2379.945
42.11012 482.682
127.2721 2443.123
41.89449 486.5078
138.7671 2507.224
43.86119 490.7795
155.8033 2570.18
46.3553 494.3743
172.7168 2631.718
48.27683 497.613
186.2144 2693.114
49.39752 499.6331
199.699 2753.717
50.01509 501.0958
208.3531 2813.136
49.78077 502.1972
220.8965 2872.415
49.52621 502.3997
231.7526 2930.361
49.39794 502.207
239.561 2988.306
49.65811 502.2031
242.4 3045.981
49.75152 502.287
243.4581 3102.755
49.77506 502.5317
240.5938 3160.031
49.81894 502.6121
225.5811 3217.786
50.10987 502.7754
202.1441 3274.493
49.98216 502.8349
177.9784 3331.302
49.18827 503.522
155.2123 3389.334
37.36369 511.366
48.5637 504.3751
133.3118 3446.017
30.14236 512.7996
48.45658 505.5213
25.5735 515.2061
48.53472 506.4937
22.94285 518.3992
48.4442 507.3855
21.72859 521.7052
48.56333 507.9066
21.0801 523.6412
48.7547 508.2302
20.83949 524.3429
48.92168 508.6977
21.03142 522.4852
49.38977 509.0983
21.29962 520.264
49.80778 509.3806
22.03141 517.569
50.35333 509.4661
22.57685 512.7668
50.4065 509.6978
23.26745 508.1233
49.98298 510.226
23.88444 503.522
50.01084 510.9639
24.87247 499.2741
50.31999 511.3445
25.98545 494.5026
50.41214 512.4222
28.11497 489.1903
50.81772 513.2885
30.75192 482.6294
51.36732 514.2033
34.48969 476.6555
51.64022 515.1647
38.05146 469.6521
51.5472 515.8887
40.30156 463.467
51.62006 515.7886
39.9428 461.8293
51.69765 515.3022
39.09978 464.3952
51.51863 515.0114
37.42824 469.9632
50.94391 514.965
35.88872 477.6039
50.31507 515.309
34.29689 484.915
49.97136 515.3513
33.6258 491.2314
49.93554 515.1763
33.18132 494.153
49.73144 514.7014
33.20119 494.8019
49.78158 513.867
33.27775 493.5226
49.7819 513.5657
33.7486 491.686
49.8196 513.094
34.47184 487.558
49.66093 512.5135
34.77536 483.1931
49.71736 511.9345
35.12692 478.4583
49.45409 511.7917
35.23556 473.2297
49.20049 511.5948
35.13709 466.5498
49.34872 511.574
35.23668 459.6635
49.75449 511.6536
35.21758 452.1284
50.40689 511.9506
34.61501 444.2039
50.77105 512.2923
31.59071 438.0645
50.94835 512.0648
26.19275 440.4841
51.59678 512.1695
19.95028 453.7413
52.03148 512.2524
15.82195 474.5639
52.17261 512.3282
10.22849 506.0779
52.20346 512.3444
6.874761 539.3812
51.75656 513.4598
4.234138 574.2527
50.22378 514.9249
3.008865 594.1784
49.93076 516.701
2.259475 611.0934
49.89769 518.2225
2.218969 618.679
50.66819 519.0126
4.077292 618.155
51.95544 518.8759
6.958089 611.8968
53.08696 517.8324
9.971377 602.2789
54.36442 517.5179
12.25006 589.458
55.38168 517.103
13.71375 574.6075
56.29656 516.0592
15.8005 560.0986
57.03564 515.3431
18.76443 546.2838
57.62673 514.5769
22.47439 533.4875
58.88743 514.1107
26.92136 519.53
60.13095 513.684
31.45951 505.1817
60.65627 513.1052
37.8882 491.4503
60.97691 512.7713
45.0106 476.771
60.92368 512.9108
49.76831 465.0429
60.90277 512.6531
51.63047 463.0744
61.1096 512.4654
51.8149 471.4379
60.96167 512.6221
51.34276 485.4645
61.11586 513.4191
50.1724 502.2431
61.42784 514.379
49.01474 518.6836
61.93886 515.22
47.84809 531.4567
63.09587 516.0199
47.8257 540.4478
64.06698 516.1893
48.09278 544.3182
64.68744 516.175
49.09097 543.4261
65.19671 515.8608
50.24546 538.5223
66.23826 514.6071
51.58585 531.3025
66.88195 512.9738
52.69168 521.4921
67.59756 511.3544
53.73045 509.4823
67.8742 509.8122
54.57869 495.9524
67.86739 508.307
56.04668 482.696
67.73146 507.5002
57.33642 467.7581
67.47372 507.4814
59.36415 452.3889
67.66137 508.3277
60.99421 437.6411
67.78205 508.7697
60.86272 425.3141
67.87062 508.3634
57.85884 419.0932
67.96698 507.4002
53.2329 421.5883
68.00023 506.5197
48.22823 434.3783
67.7383 505.3737
43.6225 450.6819
67.50209 504.5493
39.52807 469.8449
67.21716 504.0999
35.7169 489.3217
67.12994 504.1513
32.40545 506.2693
66.981 504.9742
30.30569 516.2448
66.82681 505.5836
28.50606 521.6829
66.87495 506.416
27.77275 522.6221
66.55303 507.4843
27.17543 520.223
66.47578 507.9712
27.16035 514.4623
66.19052 508.4249
27.79528 506.4025
66.09502 508.9448
28.41536 496.2605
65.93333 509.5341
29.66281 485.2335
66.03077 510.6029
32.00586 475.1664
66.32629 512.0845
35.22591 465.6891
66.30921 513.6762
40.15887 456.5222
66.26063 515.0806
47.46807 445.5565
66.23361 516.9036
56.2108 434.6183
65.25047 518.484
64.67578 423.2113
63.68336 519.9647
71.91889 415.3086
61.94121 521.3851
74.3629 416.7865
60.27936 523.1204
74.59782 425.7474
58.5946 525.2661
73.30233 441.2441
56.67372 528.2939
70.83941 461.1169
54.71458 531.9138
67.79778 479.2095
52.4981 534.0259
64.04716 497.1063
50.25071 535.9738
60.78956 510.097
47.87802 539.056
58.0695 517.6082
46.54684 540.066
56.5218 519.9777
45.05967 540.4686
55.31468 516.92
42.95377 541.2513
54.54066 509.9445
39.47127 542.753
54.63754 500.4273
35.98578 543.205
54.87977 488.3809
32.63947 543.8367
55.57375 476.6915
28.78426 545.8305
56.14835 464.3556
24.41047 548.129
56.6328 452.9853
18.96225 551.32
57.92973 442.1387
13.24445 554.4755
58.76589 431.0486
7.015523 557.8039
59.68353 419.83
1.385753 562.5607
58.81916 408.7633
54.41159 401.7861
47.25779 403.9501
39.04909 416.3825
31.84505 436.462
25.00827 462.348
18.71692 489.7485
13.45529 513.9954
8.630839 528.8279
5.127138 536.8765
2.380494 539.985
1.041557 537.7424
0.3508618 530.7223
0.7244534 522.2374
1.492516 511.1966
2.80451 500.657
4.396245 491.6189
6.760103 483.1357
9.884002 474.7495
14.84939 465.9226
21.57418 455.8843
29.85794 444.6862
39.36278 433.2837
44.62489 426.3261
45.5538 428.7949
44.44341 439.9002
41.89797 457.7971
38.45332 482.1544
34.75736 503.1114
31.63927 521.8932
29.46101 537.0119
28.47317 544.2831
28.02674 544.2126
28.23595 540.5702
29.45172 533.8686
31.20371 523.3775
32.73606 511.1235
34.82254 498.5099
36.80156 485.0853
38.74074 470.4438
40.81549 455.545
42.44395 440.0295
43.95961 422.9487
43.97927 405.6317
39.52283 395.8139
32.92347 400.6225
27.11346 416.4285
21.47234 435.9287
16.25502 464.058
10.31581 495.9731
7.805965 516.788
5.753152 533.311
5.134648 541.1182
5.909458 543.605
7.718004 540.4272
9.539285 532.698
11.82887 521.8322
14.43524 508.7775
17.3798 494.8487
20.45555 481.3386
24.5431 469.1594
30.63235 457.8268
39.21788 444.5697
49.70574 430.6422
61.40626 416.1161
69.43385 408.1406
72.57819 412.1786
72.77438 426.793
71.04932 450.9048
68.90816 479.2441
64.88387 507.8386
61.40853 532.7725
58.61093 548.1651
57.3806 559.7785
57.20309 563.459
57.63856 560.593
59.14917 553.3672
60.78366 543.8186
62.22415 530.2115
63.76399 514.1829
64.46764 497.0901
64.48016 480.5272
64.00933 462.6389
63.14164 443.8046
61.44099 424.0557
61.45254 405.9846
61.3798 388.4938
55.8234 370.9229
42.07841 361.3643
30.46789 372.4736
13.57044 398.2085
-14.35854 418.8762
-0.545539 440.6495
-15.88855 417.7626
-4.192672 496.4379
-19.76643 416.5795
-4.077888 556.2233
-22.52617 416.3802
-5.540758 602.9113
-24.33287 417.2518
-4.881149 631.6049
-25.71063 419.7365
-4.783814 641.1797
-4.781857 642.3242
-4.302105 639.0252
-4.637275 629.9277
-4.451098 614.1535
-3.991104 593.9805
-2.751984 568.1369
-1.161249 542.1428
1.817476 519.3195
5.252665 497.3124
8.837891 477.3987
15.8856 455.9205
25.1274 431.7427
34.59346 406.987
45.2423 388.1418
57.45452 381.679
66.21316 388.9699
71.58028 408.3855
74.18649 438.6061
73.60889 472.9003
71.35457 506.0546
68.21645 534.8668
64.66333 556.9831
61.44838 572.5804
59.06623 583.4504
58.00851 586.2197
57.30983 585.3144
57.31892 579.7672
57.47482 569.9556
57.8808 556.7692
57.5802 541.3718
57.07516 523.477
56.15654 502.9191
55.70047 483.1574
54.53111 463.1333
52.47394 442.8589
47.09613 419.9625
36.64008 402.8159
25.92936 400.3268
17.61624 413.3644
10.36246 438.8943
6.845211 472.0602
4.607412 507.4972
5.184517 541.3531
6.701182 567.9889
9.417437 584.8832
12.07996 593.2014
14.84348 592.7416
17.11354 586.3607
19.09216 575.9044
21.95108 560.4156
23.69549 544.0978
24.86755 530.7684
26.43054 515.9434
27.59521 497.8166
30.0357 476.377
34.09193 456.7616
38.7407 439.0326
46.11457 419.302
55.35525 399.6356
65.61231 381.3197
74.57085 371.5084
81.77454 375.0442
86.9779 389.1116
90.19498 411.025
92.06999 435.9044
93.51463 462.2984
93.25537 489.5992
92.96263 515.033
92.4593 536.1259
91.54979 551.1886
90.47189 558.2739
88.91913 558.8398
88.01101 554.1855
87.48205 547.8834
86.92613 536.8372
86.12383 521.5914
85.4537 503.7255
85.57635 485.3381
86.09578 465.3388
87.85412 446.4051
89.55429 427.3874
89.91022 407.8908
84.06315 386.2193
72.24503 371.5837
59.52889 371.4332
51.11779 387.3245
42.25424 417.4591
37.32376 453.5276
35.03959 496.1247
34.09328 536.2538
34.15845 567.4606
35.65456 589.3304
36.17619 604.094
37.47532 609.2773
38.17162 606.1877
39.12819 596.3254
40.08618 582.4583
40.36784 563.7788
40.73043 543.8779
41.49916 521.9485
43.34766 497.5931
45.36303 472.9432
49.78495 450.1582
56.49824 427.407
64.98453 404.958
73.65394 388.4164
79.42914 384.1098
83.45842 390.9925
86.26472 410.2742
87.89548 435.491
87.96996 466.6384
86.34261 497.2332
83.98588 523.463
81.31596 543.8381
78.70843 557.1595
77.38751 565.5126
76.24828 565.2559
74.97383 558.5057
74.82951 547.799
74.7448 534.9078
74.71161 520.6619
74.52636 504.1539
74.2383 485.3942
73.72409 464.6065
72.00285 442.8839
68.75314 422.8244
61.85977 407.0885
52.76418 400.6048
46.41218 407.6344
39.88178 425.7014
35.04142 451.7832
32.57335 481.9072
30.73002 513.7783
29.85932 541.8387
29.99018 562.6919
30.16827 577.6093
31.22301 585.4019
32.01847 585.2917
33.25694 581.4145
34.48075 571.3732
35.76157 557.6899
37.41212 542.4118
39.8653 524.4365
43.1429 505.6326
47.81509 484.4367
54.11781 464.4207
61.12423 442.518
69.82504 423.6341
79.36754 410.3493
87.73833 407.7293
93.79581 415.2114
97.89011 432.1552
100.3733 454.7702
100.8418 481.5622
99.58633 509.1347
96.74494 530.4325
94.06163 549.7646
92.06789 564.5104
90.9876 573.468
90.3364 573.8492
89.48204 566.8752
89.55396 556.3238
88.97952 539.0402
88.96313 522.1856
89.1004 503.5229
88.51248 482.8847
87.07144 458.0976
84.05523 432.7701
79.10227 410.0648
72.22024 393.4741
62.26101 386.7642
53.05929 393.3643
44.2842 412.9551
36.31608 441.2791
31.2912 476.2679
28.90764 516.3087
27.51797 555.6712
27.40995 587.6886
28.51234 608.1722
29.49593 616.3568
30.76518 617.0137
32.14388 609.5568
34.52092 595.2644
36.22646 576.7706
38.08635 556.3906
41.24064 534.4514
45.04974 514.9744
51.90267 492.4076
59.63387 468.0211
69.23365 441.2343
80.48082 417.142
89.75029 403.5653
94.57636 407.4537
96.23041 425.7125
95.85911 452.3846
91.06361 482.6564
84.83805 512.2263
79.21185 538.184
74.08348 559.395
69.24598 570.6522
65.24657 572.7131
61.68913 571.5563
58.57809 567.9177
56.02295 562.1644
53.63216 554.3092
51.40206 544.197
49.49574 530.4837
48.18665 514.8066
47.31989 497.9376
46.30087 478.9965
43.98619 458.822
37.707 438.5647
27.08192 422.8785
14.59281 415.2334
4.022299 418.4649
-1.966377 430.4771
-5.761106 450.0634
-7.71989 471.3322
-8.788173 491.1132
-8.06293 506.5307
-6.028644 516.8769
-3.903607 523.3298
-0.9353316 525.205
2.524826 522.6359
6.366476 516.6013
11.36659 506.459
16.82545 492.4199
23.81544 478.1767
31.66058 463.3101
40.64799 448.5121
49.83018 433.8348
63.24432 419.5613
76.86668 407.3851
89.79013 399.9112
99.46365 401.944
106.0831 413.7497
110.3013 434.5209
112.2691 461.2127
111.688 490.1182
108.9658 517.4033
104.8841 541.5712
100.5965 560.4545
96.76637 572.8549
93.20505 577.7712
90.98543 576.2
89.36462 569.8719
87.86932 559.6132
86.15472 545.5807
84.44166 526.7885
83.00875 506.0804
81.33595 483.9517
79.85748 461.0755
78.04076 436.9657
74.80099 413.5292
67.93644 393.9929
56.47026 383.4292
43.98486 383.65
34.16536 400.2923
26.89737 427.0869
21.02393 461.4063
16.47558 498.1353
14.6742 531.8345
14.77525 557.16
15.45935 574.5328
17.29779 581.3833
19.4918 580.001
21.91297 570.794
23.95653 555.3091
25.64666 536.3222
27.62481 516.0412
31.21119 496.1564
35.60921 476.8372
42.1287 461.7285
50.50782 446.4755
61.18423 429.1982
72.18159 413.3966
85.47938 404.3745
95.79412 404.7057
102.7477 416.1116
106.744 435.6921
108.6342 459.3224
108.5073 482.7869
106.7313 502.1253
104.4809 514.2063
102.3391 520.9178
99.95503 517.7844
98.41653 510.1573
97.44009 496.333
96.55855 477.9893
95.52371 456.5199
93.85471 432.371
91.21327 407.8197
86.4544 385.8283
77.88544 369.911
66.19266 364.2407
57.59444 374.2276
51.90157 398.1809
48.84713 429.5263
48.52729 465.5149
49.91789 497.3253
51.92165 522.3784
54.49428 540.7403
55.79263 548.6174
56.40229 548.4808
57.37954 543.8987
58.67281 533.7437
58.8354 517.6382
59.29829 498.1162
60.54549 476.4716
62.39275 459.405
64.04652 438.6666
67.62009 422.8949
72.45081 398.1097
80.35835 373.4496
88.91519 355.5876
95.79288 349.3457
99.21938 361.9155
101.6041 389.3092
103.7844 425.2301
105.8791 464.9881
106.1621 501.874
105.36 527.2811
103.9704 544.5165
103.7348 551.4272
102.6449 551.402
100.891 546.4623
99.23997 538.7888
97.34927 529.1174
93.61017 516.1463
90.17509 503.231
86.69476 488.9944
83.75998 471.2532
80.41647 450.312
78.19443 427.2361
75.99926 402.6294
73.41945 376.1865
69.16024 349.3592
62.6047 331.5386
55.48142 330.0613
49.31813 346.1219
44.61685 374.7996
40.16055 407.951
36.31157 439.2868
35.12076 471.3797
34.87288 501.441
34.7307 524.2087
35.53887 541.7339
35.8693 551.7892
36.402 556.4445
36.82991 559.5121
37.60252 560.2723
38.65615 556.5258
39.96541 547.6204
41.43422 538.3159
43.51442 527.1238
46.69353 515.7645
49.8326 504.2186
55.30087 489.2541
62.68174 472.8872
70.42347 456.1159
77.24014 438.3922
84.33272 426.1644
86.44157 425.9503
86.70718 439.5651
86.26952 462.209
84.00315 492.5963
80.84637 525.3034
76.5471 555.2958
71.99706 577.3607
66.89498 593.5697
63.38638 602.5675
61.4023 605.1031
60.38483 602.5054
59.62552 593.7757
59.7668 578.9518
59.00053 560.9337
58.37648 540.5623
58.80238 523.2439
58.96011 504.0562
60.25383 483.1313
61.53641 460.0193
62.00177 436.335
59.1753 413.6321
51.88729 397.6103
42.21018 398.3284
36.75128 414.1902
30.38334 442.9829
26.96967 477.4134
24.42153 513.4124
21.67741 543.3253
20.35102 565.119
20.356 580.5925
20.30946 588.0034
20.60352 590.3837
21.78608 587.3428
22.89042 580.1945
23.6698 568.9319
23.95775 558.0834
24.72128 544.2969
27.09641 527.6061
29.71916 508.7849
33.80701 490.049
39.41668 469.2579
46.6284 448.3036
54.02616 429.9086
62.01279 418.0136
66.07088 418.78
68.95602 431.0111
70.16337 452.8377
70.22305 480.3629
67.79729 510.8947
63.40527 539.4564
58.82108 561.9838
54.98285 578.0331
53.40669 588.1642
52.20023 590.8276
51.08307 588.4051
50.69659 581.5895
51.14586 571.0652
50.94633 558.8117
50.74311 543.56
49.97628 526.7043
49.44902 510.0723
49.07358 490.76
49.07279 470.1085
47.13124 448.2447
44.55272 427.6889
37.95324 408.4427
29.22426 398.1032
20.93368 404.3735
14.27791 423.6152
9.349662 451.9479
6.896074 486.2554
4.969656 525.7527
3.352017 561.5292
1.010269 589.086
1.075211 607.7928
1.610175 618.3839
2.76685 624.2793
4.707551 621.5255
5.804557 612.9783
8.433284 597.4217
10.8812 581.9451
12.78669 566.2714
15.89232 547.9318
20.68707 527.2427
26.80766 505.2546
34.54224 480.7143
45.57388 453.2206
55.52714 430.711
62.7799 419.3237
66.06831 422.7459
67.29118 440.0597
67.94682 465.7337
66.62255 494.0256
64.44761 524.6794
61.38214 548.8072
58.46551 568.9127
56.43376 581.6773
55.82634 586.2847
55.90741 584.2724
57.03089 578.9658
58.55605 569.731
59.36468 555.2189
60.46161 538.2318
61.43173 519.3106
62.25733 500.4113
61.67651 479.9546
61.07205 456.5751
58.01092 433.096
51.15394 414.0933
43.06514 407.7647
34.28785 419.2915
27.53115 437.9998
22.94761 469.6339
21.26606 507.1779
19.66419 546.1449
18.05934 578.1375
16.70126 599.0919
17.31357 609.5831
17.91207 612.498
19.60442 608.2832
21.93062 598.2872
23.90917 583.5236
25.18021 566.3629
27.30117 550.3269
30.1517 532.4617
34.08794 514.7051
39.13254 492.4416
48.26726 467.9213
57.56777 445.2972
66.41682 429.9165
71.69328 426.4371
73.81707 437.0739
75.57374 458.8097
75.73585 485.4125
73.69966 518.6865
69.71817 547.3901
65.35535 570.3517
62.41547 585.397
60.26651 592.009
59.88416 591.7336
59.75452 586.1727
60.04311 574.6074
60.77287 558.9131
60.84217 539.3969
61.3934 521.8523
61.10298 501.0913
60.64616 479.1479
60.04576 456.5964
56.47122 433.1693
48.8731 415.7206
37.83194 411.5408
27.45436 424.1319
18.83601 448.0628
11.19701 485.4649
5.205389 531.8394
1.22956 581.8099
-0.326715 622.5129
-0.656401 651.6069
0.5490594 664.5201
2.684458 664.1462
7.053341 651.4523
9.818995 628.272
11.88679 595.5337
14.69777 559.2728
17.78025 525.23
21.89774 496.8031
27.43858 474.5564
34.90512 456.1133
43.63781 440.1144
50.21114 433.7361
53.91111 439.2605
55.7468 454.6769
56.00364 479.1173
53.06022 510.5424
50.59097 539.2204
47.62442 564.9155
45.29092 584.0101
43.97033 596.0319
43.27159 597.9502
42.86032 592.8102
43.701 582.5984
44.77235 565.1171
45.92357 548.5838
46.84098 530.2144
47.08609 511.331
46.78951 491.0237
45.50499 468.7153
43.76759 444.3481
40.03636 423.4865
32.94627 412.6834
25.63321 416.7293
19.96167 435.9436
16.66643 466.5194
14.76953 506.9623
13.80058 549.352
13.40943 583.978
12.82746 607.6904
12.82142 620.5398
13.05703 627.2164
13.50452 627.7681
15.22036 620.9026
16.61572 608.9888
18.10021 591.6569
19.97784 569.0264
22.51924 547.8394
25.75131 528.8594
30.01304 509.0931
35.69817 489.3272
40.52059 467.0043
47.8551 450.2872
56.96099 432.5164
63.13353 421.4627
65.49219 425.0256
65.89185 442.907
65.94885 469.235
64.61244 503.1477
62.32779 536.8593
59.86335 566.5302
57.61446 589.0526
56.12107 604.5626
54.79175 610.367
53.74651 608.7888
52.78118 599.4984
52.52493 587.3722
52.27919 572.7206
51.61909 555.9327
51.18972 540.152
51.31144 523.2967
51.14112 505.2605
51.70047 485.7881
52.32603 464.2843
53.18969 439.8944
51.83831 415.3103
44.2813 401.1574
34.69063 404.5677
29.05104 423.1155
21.64292 458.4508
16.76465 505.3583
12.61191 554.0351
10.66854 591.6815
9.323464 614.3871
8.248085 624.9928
7.738395 625.8914
7.246527 621.3443
8.260549 612.9246
10.07142 600.0597
12.2916 585.6176
14.19049 568.7857
17.94267 551.4761
23.16545 531.7554
30.56666 510.1866
38.45557 486.7836
49.70221 467.7734
66.29969 445.7385
82.23309 426.0052
90.62364 420.8591
92.58064 428.9803
92.08318 451.8928
87.22123 485.8004
85.04929 530.0837
79.39083 568.7532
73.41637 595.8392
67.93458 611.754
62.68126 616.9539
58.30287 615.0957
55.48326 607.9315
52.67519 596.7551
51.16894 584.6039
50.31731 572.8624
49.39488 559.3951
49.1108 543.6385
49.23955 525.6876
49.6925 506.2858
51.54847 487.6243
53.43931 467.3113
53.42441 444.1921
45.03828 417.8954
32.12032 408.8292
20.81575 420.0346
10.57051 447.6154
1.846458 489.7867
-8.061707 537.0681
-16.00085 579.1927
-21.73307 609.7271
-26.68966 626.412
-30.53459 635.3838
-33.56364 636.5869
-34.43967 635.0497
-35.1045 630.2484
-35.30977 621.7205
-35.06939 609.8494
-33.38171 596.6988
-32.03105 584.7023
-28.09927 568.956
-22.35573 549.2835
-13.93561 527.3231
-2.532361 510.9719
13.95166 497.9328
28.91703 488.2675
37.15815 482.1798
38.93448 488.4467
37.79698 504.9366
34.06537 536.1291
28.73558 571.0136
23.63664 599.2667
20.49605 621.0765
18.15712 636.407
17.49058 638.8635
17.42328 635.2661
19.06583 626.5366
21.11832 611.9018
23.71608 597.8611
26.65528 581.5003
28.73389 562.6241
31.57729 541.9876
34.9967 524.5759
38.93689 507.1593
42.69107 487.4549
40.27314 463.3132
30.15878 443.5869
15.25376 442.5669
1.598481 462.9031
-6.438236 503.3773
-3.19099 565.6595
-2.527563 633.6062
-2.764879 697.0461
-5.955981 751.4055
-10.92747 795.1021
-16.64325 823.0524
-20.70677 839.3167
-21.47574 843.5914
-19.47543 837.8607
-14.64101 831.627
-11.48537 824.2527
-11.29502 817.3127
-12.06002 810.4675
-11.79119 801.5942
-7.033397 791.9033
3.861794 781.0276
21.03527 769.1562
35.03845 757.5746
38.41103 745.839
37.89506 734.5934
33.98411 725.5636
27.6919 717.4948
24.04557 708.5461
21.17976 697.334
6.874206 669.3427
13.65072 640.4127
14.40949 615.4932
16.03186 593.7949
18.025 576.2674
19.33386 563.0387
20.29807 557.6446
21.04528 555.6177
20.7368 553.5856
20.75528 549.2392
20.8994 541.5323
21.41886 530.5145
21.74079 516.4728
22.56656 500.8843
22.98921 482.7593
23.2545 465.6794
23.31481 445.974
21.02058 424.9605
14.97171 406.0607
8.804783 407.5273
3.785827 425.7657
1.045467 457.5726
0.5367497 497.3922
0.539655 534.6627
-0.2994502 566.0318
-0.1169742 582.1863
0.1896854 587.3921
1.142146 585.9483
2.182003 579.5267
3.684608 569.5856
5.41931 558.0394
6.465652 551.6246
7.763399 546.9299
9.717035 542.4774
11.31461 538.4269
12.83789 535.7337
16.02454 531.2107
20.36861 522.9112
25.5911 509.5824
32.76981 497.1026
42.20042 484.2641
56.16443 468.9472
67.29501 457.668
72.90334 458.7718
72.96579 470.0168
69.37415 494.2636
63.28803 530.0272
55.66251 565.7312
47.17883 596.8265
39.56627 617.634
33.10569 629.7516
28.30245 633.5671
25.35187 632.5424
24.42583 628.4419
23.18692 620.436
21.98993 610.4048
21.19977 597.5283
19.98708 582.2601
18.6566 565.5696
17.77419 546.024
18.60515 526.4948
20.01163 505.7552
21.55535 483.8709
17.05366 457.9139
4.056698 442.2445
-10.93536 447.0211
-23.25331 468.6421
-35.82027 512.4656
-43.95714 573.3343
-51.84054 635.3541
-59.69136 689.5996
-63.62778 731.3596
-66.32034 757.8669
-68.89272 772.5331
-68.20509 773.8287
-66.05676 763.0399
-63.30542 738.3597
-57.78522 702.2449
-52.18939 661.5708
-45.30153 621.813
-41.59884 591.2612
-39.64156 571.843
-37.46935 558.5564
-34.98208 548.7386
-15.85744 509.7531
-8.644365 493.365
-1.331961 478.9029
5.244518 464.6576
11.91401 454.2741
15.71435 449.1991
18.40023 450.5641
20.07458 457.8853
21.86566 469.9872
21.80347 486.63
21.21215 506.7198
17.04619 544.0142
12.10366 573.6387
7.378707 590.9316
3.566417 596.7998
1.799811 595.3238
1.198934 589.9745
1.476015 581.0345
2.840024 569.7885
4.065413 558.9465
5.399188 549.5105
6.73709 541.2905
7.186947 528.5547
7.234373 515.1079
7.585865 499.299
8.086851 479.6958
9.281256 458.9994
7.594391 439.4773
2.383762 427.9541
-2.043948 435.4038
-4.27418 460.5262
-8.007805 493.955
-12.07548 529.6075
-16.30024 561.5903
-18.86891 585.6998
-19.5731 597.7097
-19.20631 602.6625
-17.59138 601.5145
-14.5407 598.759
-11.12353 591.9713
-7.861638 582.0517
-4.58787 571.7544
-1.839623 563.8748
1.469192 554.8932
5.485795 543.5813
10.07093 530.6664
16.15012 516.0365
24.54893 500.9069
34.4249 487.3767
47.11592 471.0928
57.38243 462.1028
62.08556 464.6607
63.59077 478.9745
63.08802 502.599
62.07871 529.456
58.97322 553.2456
55.84869 572.4286
52.57454 584.874
50.17132 593.0389
49.01371 595.6024
48.3072 592.2386
48.81569 585.8813
50.30335 575.5443
51.9679 560.4195
53.42307 540.9921
54.57999 520.9526
56.27446 496.8472
58.54575 465.9583
50.20098 431.669
34.20649 448.5247
24.63583 504.6315
18.45199 573.82
11.61199 628.7532
7.441011 658.738
4.761781 678.8436
2.030631 688.7136
2.230164 676.8211
2.674947 660.3697
4.622875 642.0898
6.653217 628.123
9.371367 612.9507
11.33898 596.4821
12.89431 581.5083
13.43336 568.7485
14.2087 556.6309
16.07324 544.6788
18.32422 529.8355
22.30173 508.7255
29.00598 488.5651
38.75925 467.9108
50.62844 448.5136
56.40357 445.3964
59.45477 467.4986
60.09723 507.7952
57.54176 553.533
52.72446 593.8575
47.70849 622.4182
44.07885 632.2192
40.21622 629.2394
37.71849 618.792
36.87603 608.6721
36.79624 594.442
37.14034 581.3462
38.52088 568.3683
39.48527 556.4219
39.93181 544.558
39.5847 531.6143
38.86735 514.3301
39.18743 493.9583
40.33084 471.3728
40.65217 447.3374
36.42898 429.6681
27.53572 435.5015
20.70891 470.295
14.08178 523.6617
10.14215 581.7231
5.594375 627.7914
2.143036 652.0155
1.241969 658.5466
0.6584233 655.5184
1.665051 645.6303
3.125296 634.7479
5.444915 622.8687
8.295428 608.0021
11.40037 593.2021
13.01612 579.9693
14.48815 566.2664
16.52057 552.8337
18.63326 540.6689
22.49575 524.9375
39.3582 493.9315
54.22889 467.2382
61.77545 455.3904
65.04462 471.557
65.41993 510.8604
62.74619 560.8541
57.56349 603.8359
52.60872 629.3241
48.09579 639.2064
44.98816 631.3545
43.99952 610.1841
45.34946 583.4221
47.67264 561.8346
50.69531 542.5699
53.23995 525.993
55.37579 510.2243
56.776 495.0699
57.38673 476.3793
55.90984 453.02
53.86715 426.7421
51.5199 396.4781
49.19575 365.0095
44.30985 338.3039
33.11664 324.1463
22.14066 334.2447
12.10695 361.5923
4.439708 396.3951
-0.7642148 425.885
-4.264651 446.4091
-5.93479 457.6441
-6.532316 461.8406
-6.199551 460.2278
-5.136764 455.4594
-3.780808 448.8727
-2.924275 441.5312
-1.917317 435.4765
-0.4568506 430.9306
1.513355 426.7822
3.654703 422.3891
6.272286 417.5734
9.006351 411.3539
12.351 407.2584
16.25958 402.7251
20.18662 399.9045
23.27781 402.2128
24.72054 408.3435
25.39409 415.0961
25.13377 422.8502
24.41841 429.2558
23.73589 434.2283
23.25212 437.7372
22.7567 439.7723
22.34298 440.868
21.84138 440.9561
21.3737 439.6348
20.76794 437.1846
20.12106 433.9824
19.50685 430.5405
18.83858 426.0571
18.01718 420.6628
16.96543 415.1287
15.53816 409.1417
13.28182 399.512
10.94762 408.3653
6.915293 423.3248
4.46275 440.5122
2.677301 457.9251
1.657131 472.5731
1.098161 482.0573
1.228158 486.6713
1.625087 488.3145
3.269096 488.1631
4.930779 485.8611
7.080761 480.7019
9.113091 474.8061
11.4828 468.8049
14.07267 462.3581
16.87951 457.0605
20.17158 452.4095
24.50652 448.2499
30.9448 443.6768
39.71416 436.1173
51.52913 428.7607
63.16147 423.2101
71.23792 424.3195
75.56533 434.05
78.75529 451.4847
80.55994 475.6007
81.66065 500.9951
82.42278 525.5636
82.95055 543.5253
83.17741 553.1738
82.59217 554.7648
81.80205 551.5164
80.63514 543.4501
79.7467 532.8969
77.96212 517.2648
76.78737 502.7857
75.20544 486.6685
73.48435 467.5721
72.31746 448.5739
71.18472 429.9398
63.18962 412.8457
44.8867 399.2806
20.64018 413.3596
-3.405283 453.5476
-21.72952 518.4893
-32.53428 605.6279
-38.32213 703.6763
-40.08954 798.1384
-36.89597 889.3867
-37.09309 977.926
-33.32468 1066.503
-34.03053 1152.311
-29.72897 1234.892
-31.17775 1312.729
-35.14787 1391.569
-38.77528 1468.411
-47.06296 1543.839
-55.86847 1617.987
-66.13165 1691.705
-76.01694 1766.368
-85.28889 1841.383
-82.93319 1916.711
-69.54143 1991.379
-25.27984 2066.657
64.18217 2142.011
122.2274 2215.134
35.28413 429.7835
182.0197 2288.592
41.30619 458.8666
234.9463 2363.213
43.17984 496.7403
291.912 2437.559
37.95168 541.9069
339.3747 2511.786
30.75493 581.5764
25.74328 613.1727
23.03063 629.189
22.03229 630.0264
23.01139 618.1737
25.23382 599.5579
26.03183 576.4459
25.93439 556.8699
26.12085 546.2161
26.64829 538.3132
27.00554 530.498
27.94674 522.0555
29.11194 510.614
31.35981 496.9214
33.77808 480.3529
36.62654 462.3925
37.53937 445.6225
36.2342 437.0421
33.76011 438.2698
31.40982 448.9347
29.84257 465.5981
28.7035 482.113
28.57459 495.416
27.69632 502.7655
28.47663 503.8911
29.33739 502.5488
30.79262 499.6741
32.75553 494.481
34.49458 488.7715
36.63387 484.975
39.00865 480.2825
41.29739 475.641
44.27694 472.3039
47.60347 468.5608
52.04349 464.2531
58.36605 456.0725
65.22775 447.3071
69.62691 441.8658
71.16999 442.0211
70.98101 450.2659
70.18793 467.2383
69.70098 485.2893
68.64246 501.2214
67.79322 511.7859
66.86007 515.8267
66.39703 515.5477
65.98908 512.3128
65.85063 505.2928
65.83468 497.1341
65.49932 487.8229
65.51188 481.7144
65.5774 473.919
65.89264 465.9033
66.16999 456.8722
67.52422 444.4981
69.64514 428.2315
71.92756 410.7259
65.83407 392.2758
47.58498 386.7134
26.40671 414.8939
21.67779 501.9234
19.17258 582.0743
18.36546 634.8644
14.74423 686.6826
13.75477 743.1041
12.71687 803.4457
11.69616 860.3677
10.26738 912.6276
6.647887 954.8334
4.601035 986.5243
3.392593 1020.295
3.915151 1051.75
3.797245 1079.51
2.264621 1102.156
4.740332 1121.058
4.786743 1139.917
4.269995 1152.868
2.387024 1165.198
3.09497 1179.48
6.700324 1193.009
20.90945 1207.019
52.98796 1219.854
91.9335 1229.354
99.56351 1241.06
102.1672 1252.798
98.12788 1264.416
87.64447 1275.687
74.5096 1286.731
68.22408 1296.785
71.15045 1305.631
77.0793 1313.418
85.54168 1320.446
92.4276 1327.071
98.73506 1333.556
102.7765 1339.121
105.2966 1344.725
110.6 1349.059
115.3696 1352.691
120.2253 1355.277
125.0036 1357.433
124.9451 1359.165
118.502 1360.461
105.3027 1362.132
89.71825 1362.285
74.58864 1362.161
61.23089 1360.607
50.92386 1355.499
45.35406 1349.797
29.12757 461.3898
35.99549 1341.376
32.28053 477.7305
33.50542 487.8967
34.35524 492.7113
35.03256 492.3561
35.29101 490.2598
35.89962 484.6902
36.19592 477.943
37.02998 471.4981
38.36172 464.6389
40.56752 458.9908
43.9896 454.7663
48.14404 447.7785
53.58414 440.5111
59.56528 431.3324
63.43589 423.7628
63.08607 421.6969
62.23212 427.8203
60.20935 439.0547
57.66227 452.671
55.03895 466.8095
52.54916 479.6421
51.07544 488.2765
50.22175 490.2996
50.08984 488.1827
50.51358 481.5698
51.42208 473.9449
51.91615 465.5709
52.55859 456.3282
53.05972 446.8533
53.79483 437.593
54.91261 427.8272
56.8134 417.0097
59.34658 403.9579
61.85061 389.0366
59.81666 376.0944
53.19421 373.3131
46.44126 386.2072
40.07126 411.6867
34.65705 442.9329
30.44619 477.0975
27.8534 506.0117
25.37696 525.8256
23.9666 534.6249
23.1314 537.0008
22.88466 532.4382
23.49606 525.3713
24.22441 516.7447
24.52222 505.2659
25.04164 495.0413
26.20192 485.6856
27.39478 479.0575
29.10179 471.4334
31.12276 461.8673
34.2883 449.2781
39.03788 437.0663
43.86009 424.3146
47.06096 413.1891
47.57785 410.5501
46.99001 415.8008
45.84328 426.8282
43.74482 440.7895
41.25971 455.9455
39.00971 469.3981
37.75019 479.805
37.10952 484.6961
37.19793 486.2575
37.68525 484.0516
38.93193 481.2205
40.60305 477.7166
41.69952 471.5285
42.18245 465.5318
43.10038 460.4787
43.80288 454.2838
44.50249 448.5756
45.78551 441.1166
47.46468 429.9474
49.52364 418.4967
51.09593 407.3528
49.25745 400.4382
45.53986 401.4087
42.01999 411.3936
38.68436 427.8189
36.67994 445.9304
34.81931 462.5217
33.59008 475.2133
33.04496 484.1155
33.10991 487.0162
33.67696 486.2561
34.58716 482.6693
35.45184 478.3985
36.16041 473.3801
36.48728 467.6834
37.13816 461.7393
37.76456 454.9017
38.76492 448.2292
40.58562 440.8579
43.86277 432.8532
48.27739 422.7346
54.50744 413.0758
60.85664 400.0771
64.64156 399.3383
63.94078 408.8441
62.7515 424.6204
61.00879 442.3625
58.34668 457.0218
55.78285 467.9892
54.46434 474.3297
54.24504 476.9479
54.93539 473.9038
56.28966 467.8032
58.0639 458.712
59.48469 447.1349
60.76526 435.0963
61.96005 421.8929
62.64764 409.1649
63.2061 395.0454
63.57378 381.6407
63.57802 367.2485
62.88944 352.5794
61.56859 338.2174
58.19304 325.8195
51.40773 321.3878
44.81643 328.9319
39.33567 346.7626
34.4763 368.6677
30.03484 386.4275
26.46819 403.1884
23.58289 416.331
21.36234 425.396
20.07781 429.8255
19.60504 430.9511
19.6259 429.1241
20.31699 425.4094
21.30258 421.2923
22.63352 416.1733
24.62732 409.6494
27.03377 403.3344
30.55403 397.3946
35.41139 389.6606
42.04367 380.0411
50.16605 368.8065
59.59549 356.9644
67.91162 346.2461
71.52335 345.2678
72.45509 353.7372
71.76833 369.073
69.90665 387.1341
67.58119 404.9889
65.70942 421.4038
64.00297 434.9109
62.89691 443.5259
62.63658 447.9547
62.25599 448.3312
62.1841 445.8452
62.35641 441.0706
62.58211 434.2352
62.64494 426.9335
62.67397 418.4786
62.76295 410.312
62.78656 400.6795
62.26373 389.8552
60.94886 377.3428
59.10817 366.0964
54.02238 357.4535
46.89108 356.5186
16.51534 383.0421
10.94973 425.1392
23.02162 434.4378
22.00287 441.4441
21.69223 445.3248
21.88739 448.0738
22.47118 449.9091
23.32064 449.5509
24.3324 446.9632
25.31804 442.5404
26.32998 437.6149
27.39949 430.866
28.83238 424.2033
31.0507 417.7209
34.52592 411.5407
39.62266 404.1844
46.56948 394.1702
55.58352 382.5142
64.857 371.1719
71.71111 368.4595
74.12218 375.0489
75.0592 386.1801
74.86462 401.3114
74.97581 414.0863
72.24979 429.4031
71.29092 441.8932
70.70612 451.9855
69.7654 462.6422
69.20609 469.8468
68.35935 471.7944
66.72492 469.5182
64.8151 462.7083
62.85725 452.7037
60.5006 440.5406
58.15429 427.0921
56.26388 411.7021
55.03195 394.5969
54.49693 377.5029
54.08136 360.5664
50.68456 348.0219
37.21883 341.7055
14.4508 358.6307
-10.64994 400.2139
-29.13257 462.7762
-36.95802 543.4737
-35.54427 634.5756
-31.27763 720.9599
-26.54509 797.4537
-28.30794 866.2125
-32.75814 928.7677
-37.07873 983.3864
-41.56541 1032.361
-41.35463 1072.675
-44.28878 1113.54
-46.3577 1153.171
-47.11937 1192.077
-50.67017 1231.14
-53.53934 1268.862
-52.61374 1307.483
-42.37948 1343.918
-17.82127 1379.473
28.93122 1413.882
90.51698 1445.176
124.5689 1476.22
104.5324 1512.237
82.61247 1545.179
58.36482 1577.482
31.55935 1608.889
14.27157 1638.618
8.447083 1666.858
11.4236 1694.627
20.78627 1720.981
31.13846 1745.085
43.10966 1768.002
50.49975 1790.064
55.8015 1810.948
59.67934 1830.435
62.39788 1849.364
63.63221 1867.525
66.95217 1884.971
69.28875 1900.142
69.97538 1911.885
62.63612 1922.461
46.45517 1931.867
18.62313 1940.563
-10.12118 1950.916
-36.21294 1961.733
-58.37227 1971.166
-75.6487 1979.604
-85.84978 1987.353
-91.38152 1994.545
-90.79217 2001.249
-14.82176 459.9259
-13.84797 456.6567
-11.39652 451.2309
-8.174492 446.6026
-4.475507 440.6817
0.9392901 434.8861
8.290079 429.2664
35.59299 418.0569
47.78016 410.3633
52.92064 407.7565
53.43553 412.7271
52.81806 424.4349
51.25439 436.337
49.11386 451.9043
46.49207 467.6691
43.63159 480.0363
41.71241 491.2731
40.94203 495.765
40.71827 495.8789
40.93146 492.1484
41.67641 484.4372
42.98663 473.6515
44.57657 460.8026
46.46413 445.6428
49.1357 430.2982
52.08906 413.2712
55.04348 394.4473
55.42676 379.2364
47.09607 366.2005
28.0148 368.4691
-0.9169042 405.4404
-19.80465 491.4991
-27.35319 546.9044
-37.71338 607.5155
-44.66875 671.9097
-43.46687 737.3003
-50.39416 791.8895
-43.93611 798.0122
-34.86007 793.3579
-33.52198 784.3174
-29.82889 770.2058
-27.34424 758.6292
-24.7689 746.9656
-24.05379 728.7164
-23.2065 710.525
-20.74007 677.1394
-17.98247 640.8943
-14.69268 601.6867
-13.16669 569.5539
-12.39795 550.1971
-8.281024 536.0764
1.964012 494.8355
14.11878 474.6195
34.33516 446.9812
31.00184 442.8604
36.05307 449.7159
33.30759 439.8019
28.9985 438.8383
24.77685 445.974
22.44237 452.3205
21.50613 455.7618
22.48572 463.2404
23.34879 469.5717
24.16103 470.7585
24.72356 468.7532
25.15808 464.9072
25.61332 459.584
26.0337 453.4832
26.39792 447.3825
26.89234 440.3914
27.78061 431.6063
28.56672 421.1044
28.71338 410.9051
26.69143 401.4775
21.41194 398.7789
15.04157 404.9846
8.620192 413.0373
-3.876247 438.1586
-10.52123 458.7515
-12.75593 470.3261
-15.7499 480.1036
-17.99164 487.7689
-20.77065 493.8542
-22.69564 494.9893
-23.66377 492.6868
-23.71032 488.7605
-23.75497 482.5888
-23.35658 474.5897
-21.52948 466.4634
-19.79599 457.3827
-17.05047 446.791
-13.51798 436.425
6.416068 429.3041
17.97856 415.9111
26.77702 404.638
33.76435 393.2971
34.33021 391.75
33.13403 403.1137
29.8028 421.5457
26.10633 432.9059
22.78069 445.7345
18.39957 458.424
9.245849 470.9805
5.135242 474.1832
2.95452 478.9586
1.970972 481.1718
0.7585862 480.2349
-2.171157 478.7192
0.00339683 468.9976
2.213595 458.3263
3.691039 451.19
19.02905 438.4446
23.52872 425.5433
27.18731 412.0725
29.93494 395.8614
27.18087 382.7063
21.88425 383.5538
13.95411 394.8707
-4.637092 429.6701
-10.28026 461.0702
-13.29871 482.2697
-11.32331 493.6851
-9.531725 504.3866
-8.979631 514.9616
-6.800828 522.3873
-4.593481 526.588
-2.495236 524.4003
-0.4834159 519.5192
1.586236 509.474
2.955433 498.7303
5.089943 487.7737
7.709947 476.8297
12.08772 463.2975
18.21783 448.0343
25.57136 434.1797
33.08971 419.127
36.43287 409.6402
36.69134 413.0009
35.67048 423.5153
33.67945 439.7899
32.28964 460.7036
30.45754 479.3743
28.19019 505.5497
26.18278 522.947
25.3254 531.9929
25.14957 532.334
26.24784 525.2848
27.59498 513.3462
29.27757 499.9388
31.37575 485.0529
33.19882 470.2272
34.73708 454.9961
36.65527 440.8016
39.53917 425.8206
43.01249 409.4962
45.19419 393.1353
42.20729 382.4066
36.85312 384.2213
31.80209 394.4014
26.48875 410.6972
22.67925 431.9803
20.06194 458.1171
17.93876 481.5134
16.03876 506.2155
15.43922 524.8552
15.08987 534.4445
14.60001 536.0775
14.10534 532.6808
14.19648 523.8396
14.03347 513.5638
14.06648 502.2915
14.53634 490.8089
15.521 478.7984
18.15026 465.9818
22.67924 451.6772
29.46835 435.8103
37.46587 418.8985
44.75449 401.6846
47.61731 393.6162
46.73933 398.749
44.33689 413.1379
40.24063 436.2191
36.52154 458.3281
32.45815 484.1318
29.02931 505.3731
26.13554 521.9105
24.81635 532.053
23.88241 535.0205
23.71543 533.7263
24.25134 528.7818
25.06559 519.4041
26.07203 509.2236
26.89983 498.0406
28.18227 485.6261
29.8201 472.1439
31.96167 458.7118
34.87653 444.2323
38.63004 427.8396
41.09129 410.6176
38.29215 397.5907
33.45787 396.6881
27.97598 407.7034
22.6354 418.7276
20.08812 433.8242
17.73064 452.8552
15.83907 474.6241
14.52896 499.3041
13.67048 517.5132
13.34502 526.405
13.08718 529.4171
13.09534 525.8653
13.54025 520.4799
13.65304 511.7467
14.10808 502.7034
15.08138 493.2102
16.36984 482.8266
18.51473 471.6966
22.43012 460.0829
29.10477 447.1965
38.37963 432.7075
48.40705 417.6701
55.22096 406.8477
55.88282 405.705
54.64217 417.5394
51.24226 432.4574
47.32732 453.7449
43.23275 479.6555
39.64099 497.488
35.98491 517.3881
33.6965 530.6801
32.06448 538.937
30.97789 540.3218
30.51679 537.3923
30.39513 528.7878
30.60575 518.7423
30.61649 505.4835
31.44356 489.571
32.01657 473.0485
32.72444 456.1437
33.32504 438.4947
34.17179 420.3733
29.77578 403.3076
20.05501 392.691
10.01353 398.0318
1.34668 408.0128
-19.01017 439.7075
-26.35649 471.0756
-31.114 491.9254
-34.31333 511.0899
-19.8539 531.7435
-19.37665 535.1094
-17.84512 535.9917
-15.77405 535.4905
-13.56347 530.9255
-11.76734 523.7659
-9.269092 514.1768
-6.390625 503.3919
-3.077927 492.6187
1.032452 482.2157
6.408596 470.9114
14.38406 458.5432
24.36475 443.7266
36.68164 426.8311
49.57292 412.3862
56.6689 406.677
59.31679 412.1536
59.32346 426.1431
57.56194 447.6591
54.08371 465.3311
51.68381 485.8662
48.94053 509.3279
46.92485 526.6517
44.52727 538.2103
44.05199 542.9607
42.90228 542.4742
43.03373 536.8613
43.5798 527.4669
44.82302 515.3499
45.81784 501.4326
46.92498 486.5792
48.00383 470.9775
49.39732 454.7189
50.72429 436.1577
52.88759 418.1674
55.13184 401.0934
52.17028 384.7239
41.11987 373.1805
29.41598 376.477
17.98283 392.8484
5.167272 427.7646
-6.93779 477.8027
-9.843742 519.5778
-13.42094 543.7401
-17.36743 563.4976
-20.85754 578.1251
-22.96063 585.8228
-24.003 586.6839
-24.90215 584.5443
-24.26958 580.281
-23.19791 571.8246
-21.70675 560.7474
-19.53055 546.9895
-16.97309 530.1985
-13.79855 514.3951
-9.850179 497.6058
-3.955474 481.4058
4.927607 467.375
14.64481 454.5712
18.83049 444.7612
20.04169 439.3771
18.70222 443.7204
17.10552 453.5454
10.11812 472.5163
7.008561 493.1664
6.437511 521.8039
5.949124 540.6895
6.015047 550.7654
6.662628 553.4219
7.601655 550.2761
8.604964 540.3231
9.998614 529.2432
11.11377 517.945
12.42686 505.1564
14.31193 489.3592
16.51498 471.0548
20.08802 450.0384
23.99758 431.1762
24.27391 414.6618
17.57367 411.1133
12.82093 422.4747
7.38086 442.2736
3.053967 476.3161
-7.560499 511.8745
-7.443575 534.4937
-7.055661 549.0588
-6.947172 557.9847
-6.7486 563.199
-6.316761 562.6198
-5.844213 560.0147
-5.157015 553.1057
-4.136658 544.5051
-3.086402 535.7033
-2.188566 527.204
-0.3598625 515.4689
3.651583 500.7215
9.720366 482.9144
18.34704 465.9643
27.52886 449.8322
27.19657 438.8386
25.2391 439.9925
19.29257 454.558
15.15223 495.7694
13.90425 534.4599
10.24291 552.7704
8.332029 564.4977
7.588805 571.8105
7.858346 575.2234
8.436958 573.2026
9.540743 565.9811
10.59668 556.1429
11.508 546.9119
12.65281 536.3575
14.05916 523.916
16.36963 509.7803
20.25649 492.9011
25.3906 472.8602
31.94414 453.4674
33.08892 435.7403
24.74429 426.8744
17.72778 430.1278
1.788195 456.3112
-10.21396 500.4276
-6.579021 538.5908
-8.751318 565.4791
-10.13197 578.8734
-10.82165 587.1024
-10.8686 590.3798
-9.862184 586.6204
-8.850386 578.37
-7.800645 566.9236
-6.772706 555.9214
-5.815321 545.3268
-4.870076 536.7372
-3.31494 526.9467
-0.9639127 514.4444
4.254871 499.7862
12.07719 482.968
21.61245 463.8934
30.65145 446.8275
30.68836 438.5811
29.36292 442.692
22.8838 462.8453
17.27 501.1728
16.76368 540.3187
12.0193 564.0424
10.9637 576.1973
10.77946 583.8505
11.30802 585.9523
12.15154 584.6853
13.3204 578.4155
14.76546 572.332
15.48578 563.869
15.75818 555.4404
16.42305 545.6832
17.47198 535.5075
19.3323 523.6871
21.7209 508.8058
25.81614 490.8091
30.86374 472.4622
32.3573 454.8414
24.17738 442.7615
16.22171 447.0967
5.159864 468.67
-2.664666 511.3396
-3.010098 552.7638
-6.153749 574.5083
-7.696641 589.0308
-8.044703 598.5801
-6.642546 599.6721
-5.460541 595.6631
-4.009334 588.3711
-2.990899 577.777
-2.394123 566.8735
-2.015431 554.9249
-0.8855183 545.5447
0.5835242 535.1512
2.905569 523.9543
7.282809 509.7717
15.01929 493.465
24.57957 475.5745
35.06112 459.246
36.93121 448.19
34.73323 449.7885
29.85594 467.1601
17.80049 518.4897
21.65514 547.2289
15.788 569.8492
14.35217 579.9198
13.89438 586.1528
14.69186 585.2239
16.43476 577.8176
17.68393 568.6932
19.35057 559.4179
20.23132 551.2497
20.89596 543.0635
21.51379 535.2091
22.49878 527.0555
23.93781 516.0308
26.01251 502.8892
28.50304 487.5335
32.07512 472.7445
34.54096 457.494
29.46343 445.5194
20.38868 445.3772
8.333498 464.0874
-2.682538 522.0702
1.542738 561.7327
-4.192321 582.9634
-5.457654 594.2243
-6.211168 601.824
-6.272903 607.4787
-4.600749 605.0469
-2.233386 597.6955
-0.3404113 587.1548
1.157681 576.6689
1.991904 564.2578
2.276154 554.5729
2.625643 546.6295
3.256042 537.9954
4.854913 525.9382
9.395239 510.7614
17.93168 492.8781
28.49391 476.1082
37.27432 458.7505
36.46349 453.2574
36.25727 454.1212
30.55374 476.08
25.32594 511.3027
24.40357 546.5362
20.97873 568.7155
19.83933 578.7128
20.27402 584.7399
20.91322 587.1295
22.02718 584.6064
23.24541 577.2078
24.03284 568.2032
24.2835 560.5998
24 551.6384
23.42302 543.5267
23.56254 533.1154
24.40758 520.8293
25.54488 506.2614
27.50063 488.959
30.85882 472.8028
31.95837 456.2808
23.98565 442.0543
13.04746 440.123
-2.967965 460.5038
-12.02085 516.2126
-6.707041 543.4869
-10.61405 568.7166
-11.88666 582.3902
-12.34714 590.0954
-11.66445 592.8461
-10.19279 589.1658
-8.769337 583.7921
-7.07649 574.713
-6.120105 566.3329
-5.365324 557.9456
-4.673378 549.7086
-3.495459 542.4024
-1.471323 533.7557
3.258991 523.1041
11.98585 508.1596
23.26528 490.2867
34.52019 473.1174
35.83703 459.9614
34.7077 459.8789
30.41169 479.0395
25.48282 512.2631
23.61231 549.6121
19.13761 568.7235
17.49986 577.4492
17.25583 582.5809
17.82013 583.4686
18.96238 581.2276
20.49113 575.0835
21.56842 567.3052
21.82116 559.0168
21.55772 550.7467
20.39907 541.3527
19.2778 531.1397
18.85463 519.0515
19.62455 504.2813
22.89383 486.3983
26.96583 469.1152
27.37761 452.4118
17.96737 442.3596
-3.942276 450.7844
-4.994174 505.774
-2.217009 540.9374
-4.20781 562.7739
-5.282673 574.9042
-4.343347 581.9186
-2.47912 582.6791
-0.8242186 578.498
0.8889276 572.2348
1.822713 567.1333
2.055321 563.2027
2.679693 558.9719
2.657723 554.8077
2.660884 549.3786
3.441887 542.5216
5.983505 532.7548
10.8075 520.1934
18.61878 506.0308
28.66114 489.3863
38.05112 474.4415
37.3409 468.869
36.2604 471.005
29.8528 491.531
22.6036 529.987
18.34768 559.4773
17.24924 582.5104
16.91623 594.9037
17.43679 597.8472
18.34718 593.6823
19.91603 584.3905
21.42707 573.0296
22.69026 560.7953
22.9509 550.332
22.96971 543.9328
23.13439 537.1435
23.37643 529.291
24.21764 516.8718
27.02515 500.043
31.02165 483.5477
32.27793 466.8367
23.67827 454.8422
14.08374 456.8761
1.177173 477.7611
-10.63835 528.6202
-6.836543 561.879
-9.566978 573.9688
-9.743699 577.6288
-8.523718 577.118
-7.324006 573.9465
-5.689572 571.7656
-4.137148 567.8936
-3.252022 563.5276
-2.491347 558.6699
-2.254132 553.311
-2.100574 547.7502
-1.585394 539.9249
-0.2351547 530.582
4.273046 517.6615
12.89176 501.4929
25.24876 482.8252
38.16246 463.1648
40.4465 448.8113
38.76797 446.5408
32.46528 458.7383
24.77627 482.8814
26.02472 517.0339
23.22627 533.2072
22.11909 539.9011
22.00111 542.09
22.53666 540.0236
23.42023 534.5697
24.00598 528.9223
24.68989 520.0566
25.08188 510.8382
25.56593 501.3857
26.33662 491.9823
27.32824 480.5042
28.65858 465.2116
30.61609 445.3122
33.60312 423.8268
35.14079 403.6888
25.83498 387.728
10.96922 386.8558
-13.39157 411.3055
-27.6931 472.8607
-25.14874 517.5433
-29.75931 547.2951
-31.17874 563.5848
-31.34859 574.5564
-30.8046 576.5896
-29.86859 571.9964
-29.21487 563.6371
-28.06785 551.805
-25.97506 539.1245
-24.74217 528.0692
-23.90344 517.8071
-22.44346 508.3527
-20.00382 497.3887
-16.09417 483.5347
-8.993575 467.1885
0.739389 452.2762
12.28634 438.7612
18.49842 427.8689
20.96085 421.3752
16.22977 429.8747
14.41193 449.005
10.61526 475.7947
4.899104 512.3088
0.1947927 540.2623
-2.749924 554.3873
-4.55384 556.92
-5.711924 550.9138
-6.128742 540.7998
-5.806317 529.0676
-5.368385 518.5458
-5.172607 510.5213
-4.62448 503.8591
-3.991962 493.3254
-1.789453 477.1995
2.070322 459.5586
6.077149 440.4893
4.482902 422.9582
-5.674142 414.6539
-12.87095 420.6145
-18.79311 437.1842
-25.0652 468.9822
-31.84593 506.6353
-33.88243 542.1219
-35.99038 558.3923
-37.48347 564.085
-37.32192 560.0577
-36.43769 550.0345
-34.8277 540.2944
-33.59618 533.407
-32.95897 528.3336
-32.57916 522.5303
-31.4965 516.8206
-29.652 509.7211
-26.04206 498.9065
-18.69988 482.419
-8.01875 466.2806
4.798187 451.311
16.75449 436.7091
22.96146 427.8388
24.06022 433.5606
19.74798 447.3351
18.24088 471.3024
12.16623 502.8391
7.567696 530.9429
4.544282 547.5318
2.85049 551.9553
2.213714 547.3734
2.510769 538.4768
3.319566 528.2504
4.394145 518.9346
4.878141 512.8519
5.568687 507.584
6.424425 499.4951
7.601732 490.957
9.807423 477.453
13.23227 458.7097
14.4069 437.3952
6.371509 424.8603
-5.9083 429.3536
-18.69205 453.567
-23.91791 511.7821
-31.42371 545.8221
-34.3797 566.2969
-37.4776 582.9013
-38.52502 591.8702
-39.03811 591.1581
-39.11546 584.3987
-38.02874 573.9864
-37.04758 563.4662
-36.6731 554.5322
-36.42399 547.313
-35.83062 542.2854
-34.8256 536.4841
-31.89338 528.3348
-26.185 516.5944
-16.90019 501.1968
-5.08236 484.2916
8.865813 467.6846
21.09316 451.9481
25.01986 444.8472
23.32936 453.8076
19.63486 470.1167
12.97351 496.3159
3.447332 529.9617
-4.326507 566.78
-8.930986 591.7276
-12.37951 600.2492
-12.94119 599.1921
-13.04609 588.9637
-11.67827 573.9354
-10.10766 558.7179
-9.011963 549.8651
-7.301731 540.7697
-5.312107 531.6227
-3.179987 518.2343
-0.7407517 501.3083
2.665673 484.6858
4.090564 464.9487
-3.641205 447.3905
-18.56034 439.8702
-28.16808 450.0356
-37.53385 474.0644
-42.9025 526.4904
-47.13306 566.0324
-47.51307 594.6538
-46.89886 626.8309
-47.73084 655.7584
-47.99262 675.3491
-48.10402 685.5342
-47.71992 685.3728
-45.34626 676.403
-43.62225 660.7943
-41.23416 647.5616
-37.75407 629.9386
-34.20827 607.4884
-31.17606 584.1559
-29.69681 555.056
-27.91929 517.2994
-21.19464 466.4621
-16.50998 420.2545
-14.40263 405.6245
-14.04233 413.5639
-14.43714 438.8087
-15.53335 465.6342
-16.39971 476.0182
-16.388 471.5826
-15.37004 451.9103
-17.2085 433.4521
-18.5982 427.0017
-19.66433 433.2017
-21.08415 440.1995
-20.62933 440.1257
-18.6905 430.6315
-14.1732 413.4428
-7.283469 390.0235
0.254708 363.1927
3.45259 343.0009
-8.561908 331.7007
-43.5197 341.3134
-91.28229 377.0078
-148.0498 436.7912
-200.7017 516.0374
-244.4106 598.1526
-278.2907 671.9058
-314.063 749.3326
-348.1403 820.9988
-387.3633 891.5262
-426.1423 963.2005
-463.3729 1036.526
-498.7946 1104.786
-498.2085 1096.65
-492.5151 1083.818
-490.2765 1075.093
-483.5726 1069.272
-477.5679 1062.224
-471.645 1055.292
-465.4096 1047.52
-459.8156 1037.849
-452.4679 1027.543
-443.7848 1015.854
-434.713 1000.903
-424.4584 984.8107
-413.806 965.1108
-404.7526 945.1807
-393.4175 923.9302
-378.4551 900.0635
-365.0494 873.6512
-348.8223 845.1925
-333.5252 815.332
-316.6949 781.2302
-298.2205 743.3854
-285.3225 712.3961
-272.9848 685.7584
-255.8996 654.5692
-238.566 624.0962
-222.545 601.7743
-208.8775 586.1152
-200.7172 577.1243
-197.7782 574.9291
-197.4302 579.8394
-198.71 589.0621
-200.6681 598.3115
-201.7014 604.3151
-202.0208 607.3447
-202.1625 608.5073
-202.6887 610.4747
-202.1022 610.8378
-201.8107 611.1219
-201.6001 610.713
-201.5225 611.5748
-201.5369 612.6505
-200.736 612.4695
-200.6117 612.769
-201.0847 613.463
-200.9794 613.0612
-201.7234 613.4702
-201.6857 611.6772
-201.8693 608.5672
-202.3391 607.881
-202.5092 604.9992
-202.4617 599.6605
-202.7829 592.5027
-201.0073 584.8185
-198.4671 575.7653
-198.0106 566.8328
-198.1765 553.9594
-197.4736 539.5837
-194.741 524.9064
-187.484 509.8761
-181.2805 493.916
-174.44 478.1565
-168.2368 459.3396
-158.3839 437.7259
-153.7822 414.9322
-141.8695 392.2254
-126.66 367.2925
-103.2353 346.3318
-74.9029 324.248
-55.38475 305.7235
-36.18554 291.7717
-17.5305 283.4641
-2.341368 274.2314
11.79839 271.7935
25.82538 268.1472
36.27964 266.3033
59.57335 286.0468
79.526 312.3896
89.64327 331.0178
96.89068 351.1915
